382, 194
-113, 357
-356, -146
-355, -225
-146, 100
21, -89
-251, -109
10, -174
-234, -34
-138, 218
-59, -333
126, -168
377, -319
202, 238
-400, 236
-19, 129
-18, -80
-393, -219
95, 23
195, 47
-55, -93
-64, -124
-403, 159
-179, -527
198, -262
180, -622
390, 194
-328, 172
328, 2
216, -70
-151, 113
233, 173
85, 91
-98, 128
276, 300
-109, -349
-28, 162
151, 501
-223, 399
-374, -308
-184, 192
309, 187
-107, -11
142, -412
-197, -449
44, -52
160, 66
291, 127
442, -94
502, 30
-52, 244
290, -264
-108, 50
160, 444
-172, 114
-177, -81
-66, 134
-205, -207
6, 76
224, 62
129, 167
256, -90
-365, 279
209, 419
-142, -158
-98, -98
-224, -12
40, 6
28, -306
-249, 135
-233, -395
201, -387
231, -77
-499, -175
-203, 205
167, 97
-187, 181
385, 275
-294, -178
-228, -168
-104, -224
163, -41
-58, -248
112, 36
535, 85
14, 196
29, -163
-204, -208
-221, -117
-325, -385
-368, -154
120, -136
-289, 91
-25, 173
318, -132
-107, 23
-283, -41
-6, 106
-94, 162
434, -74
-148, 150
-99, 1
-271, -187
5, -201
-41, -211
-45, -97
-177, 5
216, 60
109, 101
139, 311
245, -257
258, 140
-236, -402
-160, -488
-518, 18
-12, 136
295, -205
134, -206
403, -13
230, -16
73, 151
-47, -83
174, -90
-138, 176
-269, -389
192, -302
445, -79
-330, 238
-65, -89
-42, 30
-445, 177
129, -79
-150, -620
137, -153
1, 81
-31, 187
-324, 42
-602, 52
42, -198
-57, -35
178, 14
-214, 100
-37, -279
7, 141
-386, -244
174, 116
197, 151
-344, 340
3, -123
-175, 23
-378, -28
-172, -228
-155, 13
388, 66
-63, 103
-2, -52
-565, 85
150, -176
-177, 15
-164, 122
264, 190
273, 91
543, -373
-196, 264
-28, -38
192, 490
169, -227
65, -63
-14, 72
257, -63
20, -38
-199, -1
217, -173
-208, 138
-10, -202
-361, -49
547, -39
24, 114
172, -66
-164, -60
264, 50
-127, -251
108, 166
-482, -90
262, 258
311, -207
-229, 169
-26, -490
512, -340
28, -254
0, -372
-300, -84
-135, -15
101, 61
320, 52
-114, -74
314, 474
109, -165
-45, -27
500, -4
128, -36
-95, 319
297, 249
176, 264
225, -225
83, 217
192, -320
156, -228
113, -345
272, 120
511, -45
163, -95
195, -43
-36, 274
-139, -155
-469, -7
-86, -164
1, 317
-211, -111
-60, -72
-69, 245
19, 209
489, -333
-53, -127
118, 48
82, -134
-207, 97
-110, 114
456, -406
-259, 209
108, 224
59, 207
-33, -15
183, -137
179, -117
323, -57
-273, 121
70, 108
-325, -263
-55, 437
111, -279
-95, 295
-252, 66
-20, 42
177, 365
217, 135
5, -45
88, -54
-230, -88
89, -33
222, 132
80, 132
-12, -124
-120, -114
266, 68
48, -320
211, 65
74, 396
604, 46
70, -228
73, -191
-149, 363
1, 147
-221, -137
138, -146
-161, -181
226, -188
54, -196
84, -392
-39, 189
-194, -20
154, 22
-96, 194
-4, 102
-70, -356
-402, -326
262, -232
-74, 64
122, -176
264, 374
-166, 68
-410, 182
33, 97
-91, 323
16, -278
-265, 91
353, -7
301, -33
-101, -81
107, 207
-493, -27
-169, -591
66, 288
6, -92
53, -85
-275, -169
10, 368
-101, 373
-185, -199
87, 177
-95, -159
-209, 35
-211, -321
175, 125
-246, 202
-1, -251
155, -229
-90, 302
-118, -352
329, -253
-256, 386
124, -384
0, 244
64, 414
143, 23
330, 194
-146, -100
200, 192
-54, -110
-132, 106
-242, -52
370, -388
-342, -82
-35, -23
210, 4
441, 107
120, -450
249, 1
157, 69
113, 75
-285, -57
277, -167
13, 213
144, 186
12, -24
56, -6
189, -47
264, -76
522, -20
-395, 281
310, -112
-132, 250
-58, 10
-296, 46
-251, 325
25, 59
198, 178
-187, -229
-37, 251
47, -133
-210, -44
19, 129
24, -368
1, -25
2, 118
59, -127
-142, 226
-69, -313
0, 72
-402, -134
-15, 85
141, -175
157, -87
10, -360
138, -212
-59, -147
-71, 183
-146, 454
154, 40
14, 418
-96, -206
480, -164
3, 77
-190, -376
184, -2
520, -242
-70, 300
279, 105
160, 198
274, 236
-208, 182
-228, 286
-445, 277
89, 501
265, -21
-19, -151
-682, -88
322, 22
14, 214
-78, -174
-21, -297
403, 165
76, 136
-182, 38
-143, 47
138, 64
-135, -129
-312, -136
-315, 299
75, -417
