-6.0, 144.0
-3.0, 11.0
-191.0, -79.0
-4.0, -26.0
-85.0, -39.0
8.0, 14.0
7.0, 15.0
-87.0, 43.0
28.0, -30.0
47.0, 29.0
-94.0, -48.0
-33.0, 9.0
2.0, -24.0
-83.0, 177.0
-31.0, 7.0
-88.0, 12.0
54.0, 28.0
-85.0, -57.0
-64.0, -100.0
8.0, -28.0
-66.0, 22.0
-22.0, 12.0
22.0, 50.0
-49.0, -55.0
-8.0, 6.0
-12.0, -4.0
-26.0, -122.0
-22.0, 68.0
73.0, 41.0
110.0, 10.0
-13.0, -47.0
-113.0, -55.0
-56.0, 94.0
58.0, 18.0
16.0, 96.0
-173.0, -99.0
-132.0, -88.0
-65.0, -85.0
4.0, 10.0
-21.0, -9.0
63.0, 167.0
46.0, -20.0
-8.0, -110.0
-26.0, 96.0
-57.0, 49.0
5.0, 47.0
33.0, -121.0
47.0, 35.0
-87.0, 43.0
-118.0, -34.0
102.0, 96.0
31.0, 91.0
-16.0, 42.0
-58.0, 4.0
-80.0, 22.0
-39.0, -49.0
27.0, 19.0
-81.0, -15.0
5.0, 5.0
106.0, 16.0
56.0, -18.0
-90.0, 18.0
-25.0, -45.0
54.0, 52.0
-30.0, -100.0
-72.0, 60.0
-119.0, -5.0
64.0, 8.0
-135.0, 89.0
-73.0, -1.0
-53.0, 1.0
-11.0, -3.0
37.0, -1.0
-57.0, 13.0
-68.0, -54.0
39.0, -39.0
-83.0, -9.0
29.0, 37.0
-80.0, 14.0
-78.0, 38.0
-42.0, -14.0
47.0, 55.0
-13.0, -41.0
15.0, -11.0
-75.0, -91.0
-65.0, 27.0
-14.0, -30.0
20.0, 88.0
-34.0, 16.0
-7.0, 19.0
26.0, -32.0
-161.0, 83.0
-146.0, 106.0
201.0, 75.0
-34.0, 4.0
50.0, 106.0
38.0, -62.0
-7.0, 35.0
-28.0, -36.0
48.0, -112.0
160.0, 34.0
-116.0, -54.0
-50.0, 64.0
-30.0, 26.0
15.0, 13.0
-15.0, -65.0
-69.0, -137.0
94.0, -4.0
8.0, -22.0
-108.0, 6.0
125.0, -13.0
54.0, 92.0
159.0, -89.0
-24.0, -12.0
8.0, -14.0
4.0, 72.0
22.0, 26.0
13.0, 117.0
24.0, -24.0
-27.0, -87.0
103.0, -61.0
-74.0, -116.0
-96.0, -130.0
64.0, -22.0
-55.0, -37.0
98.0, 56.0
69.0, -17.0
42.0, -52.0
-2.0, -22.0
154.0, -166.0
25.0, 23.0
-25.0, -23.0
-9.0, -85.0
124.0, 62.0
46.0, -66.0
35.0, 93.0
65.0, 47.0
92.0, -166.0
77.0, -59.0
-104.0, -148.0
.0, 12.0
-17.0, -47.0
-99.0, 17.0
41.0, 39.0
102.0, -46.0
125.0, -85.0
-87.0, -79.0
24.0, -52.0
103.0, -153.0
31.0, 81.0
-19.0, 19.0
-34.0, -70.0
-81.0, 77.0
-12.0, 44.0
21.0, -9.0
-23.0, -45.0
-40.0, 54.0
95.0, -3.0
6.0, -38.0
-75.0, 25.0
-21.0, -5.0
16.0, -12.0
153.0, -63.0
-65.0, 45.0
-42.0, -30.0
-43.0, -105.0
-8.0, 40.0
-3.0, -5.0
32.0, 24.0
76.0, 40.0
59.0, -7.0
-122.0, 56.0
13.0, -51.0
32.0, 82.0
257.0, -41.0
-9.0, -51.0
98.0, -50.0
-28.0, -70.0
-3.0, -39.0
183.0, -65.0
28.0, 70.0
-146.0, -40.0
-24.0, 6.0
-165.0, 115.0
72.0, 6.0
-17.0, -85.0
90.0, 22.0
104.0, -26.0
69.0, 61.0
16.0, -46.0
-27.0, -33.0
110.0, -128.0
-44.0, -74.0
-10.0, -36.0
-28.0, 14.0
36.0, 8.0
98.0, 22.0
53.0, -137.0
28.0, 22.0
84.0, -68.0
-84.0, 16.0
58.0, 34.0
51.0, 93.0
-102.0, 116.0
-56.0, 84.0
101.0, 15.0
-72.0, 76.0
16.0, -162.0
2.0, 46.0
16.0, 96.0
45.0, -59.0
3.0, 69.0
37.0, -55.0
-13.0, -167.0
-12.0, 60.0
26.0, -58.0
24.0, 6.0
32.0, -86.0
32.0, 40.0
61.0, 59.0
111.0, -9.0
3.0, -67.0
-32.0, 16.0
162.0, -124.0
94.0, -80.0
152.0, 50.0
-30.0, -54.0
-82.0, 32.0
45.0, 45.0
-78.0, 22.0
-97.0, 19.0
84.0, 22.0
37.0, 65.0
1.0, -109.0
34.0, -118.0
47.0, 15.0
59.0, 59.0
33.0, 161.0
14.0, -44.0
21.0, -21.0
60.0, 34.0
-2.0, -68.0
-182.0, 30.0
-25.0, 61.0
1.0, -87.0
-33.0, -111.0
75.0, 41.0
-25.0, 35.0
28.0, 88.0
143.0, 127.0
-79.0, -23.0
-48.0, -66.0
14.0, 24.0
25.0, 61.0
-2.0, -2.0
46.0, 54.0
-6.0, 20.0
-78.0, 74.0
148.0, -72.0
-114.0, 36.0
-19.0, 9.0
47.0, -45.0
-26.0, 96.0
-66.0, 78.0
-7.0, 5.0
-10.0, 66.0
22.0, 94.0
-32.0, -108.0
-102.0, -36.0
5.0, 25.0
34.0, -80.0
-48.0, 12.0
32.0, 118.0
-76.0, -18.0
89.0, 7.0
12.0, -92.0
-42.0, 4.0
-37.0, 43.0
-83.0, 35.0
29.0, -59.0
30.0, 114.0
5.0, -21.0
-69.0, -111.0
-54.0, 52.0
-137.0, -95.0
-114.0, 106.0
-103.0, -19.0
-36.0, 20.0
-4.0, 8.0
119.0, -29.0
-117.0, -43.0
-12.0, -88.0
-71.0, 43.0
-5.0, -53.0
-53.0, 7.0
-12.0, 88.0
-105.0, 5.0
-145.0, -11.0
-97.0, 69.0
-16.0, 48.0
-26.0, -54.0
43.0, 33.0
-78.0, 24.0
-3.0, 57.0
17.0, -51.0
-31.0, 29.0
88.0, -14.0
-42.0, -26.0
-39.0, -109.0
15.0, -57.0
-38.0, 78.0
143.0, 25.0
-7.0, -15.0
27.0, -39.0
-27.0, 13.0
-61.0, 59.0
-25.0, 17.0
75.0, -35.0
-10.0, -52.0
19.0, -1.0
14.0, -10.0
42.0, -38.0
-148.0, -18.0
-36.0, 18.0
37.0, 5.0
23.0, -125.0
-129.0, -21.0
4.0, 42.0
-1.0, 23.0
-23.0, 177.0
-111.0, 5.0
90.0, -92.0
-15.0, 45.0
132.0, .0
-63.0, -87.0
21.0, 51.0
-31.0, -23.0
-94.0, -10.0
-39.0, 17.0
-19.0, 7.0
48.0, -32.0
-35.0, -5.0
95.0, -129.0
78.0, 84.0
9.0, -55.0
-67.0, 119.0
74.0, -8.0
-133.0, 53.0
-96.0, 178.0
-93.0, 181.0
72.0, 76.0
-37.0, 13.0
-60.0, -18.0
58.0, -148.0
75.0, -53.0
30.0, 62.0
22.0, -24.0
89.0, 65.0
-41.0, 7.0
7.0, -11.0
127.0, 41.0
67.0, 43.0
-7.0, 45.0
18.0, -82.0
-43.0, 5.0
1.0, -51.0
-35.0, 127.0
156.0, 52.0
46.0, 48.0
-48.0, 20.0
28.0, -42.0
-7.0, -137.0
-39.0, 105.0
-107.0, -17.0
33.0, 121.0
-48.0, -96.0
28.0, 30.0
-209.0, 49.0
60.0, -30.0
-16.0, 22.0
-61.0, -3.0
76.0, -6.0
102.0, 74.0
18.0, 54.0
99.0, 55.0
74.0, -194.0
-84.0, 112.0
43.0, -1.0
100.0, -80.0
-84.0, 12.0
-115.0, -63.0
5.0, 45.0
28.0, -28.0
121.0, 85.0
-81.0, 33.0
-90.0, 34.0
-53.0, 41.0
66.0, -84.0
31.0, -47.0
32.0, -54.0
11.0, -51.0
117.0, 65.0
-34.0, 90.0
-100.0, -28.0
46.0, 152.0
-1.0, 59.0
-121.0, -45.0
-9.0, -27.0
13.0, 5.0
53.0, -47.0
-87.0, 27.0
-118.0, -120.0
92.0, 16.0
4.0, 8.0
-64.0, 16.0
-130.0, -2.0
97.0, 15.0
-62.0, -14.0
-66.0, 68.0
-18.0, 38.0
-65.0, 21.0
-151.0, -41.0
-39.0, -65.0
53.0, -43.0
106.0, -34.0
58.0, 2.0
-83.0, 59.0
-19.0, -37.0
-45.0, -153.0
-159.0, -71.0
79.0, -57.0
57.0, 127.0
53.0, -99.0
118.0, -44.0
11.0, -13.0
114.0, -60.0
-55.0, 11.0
83.0, 57.0
18.0, 2.0
-24.0, 32.0
42.0, -6.0
38.0, 32.0
97.0, 67.0
-88.0, -232.0
94.0, 66.0
30.0, 44.0
132.0, 48.0
-91.0, 11.0
2.0, -72.0
120.0, 78.0
-103.0, 87.0
67.0, 49.0
19.0, 35.0
-65.0, -91.0
-132.0, -36.0
-73.0, 37.0
-28.0, 66.0
-140.0, 2.0
28.0, 72.0
24.0, 204.0
-96.0, -26.0
-27.0, 39.0
138.0, 58.0
-104.0, 20.0
34.0, 26.0
-39.0, 81.0
-109.0, 33.0
75.0, 75.0
56.0, 8.0
6.0, 20.0
113.0, 33.0
90.0, 6.0
164.0, 38.0
-34.0, -2.0
-81.0, 33.0
-111.0, 55.0
66.0, 60.0
96.0, -32.0
184.0, -52.0
-56.0, -6.0
-25.0, 3.0
-32.0, 38.0
49.0, -133.0
115.0, -67.0
73.0, 77.0
22.0, -190.0
102.0, -84.0
-75.0, -71.0
24.0, -138.0
6.0, -30.0
-100.0, -10.0
-55.0, -33.0
73.0, -33.0
64.0, 150.0
78.0, -52.0
31.0, 31.0
16.0, 52.0
22.0, -54.0
-72.0, 100.0
80.0, 36.0
-9.0, -17.0
11.0, 37.0
-75.0, -155.0
-42.0, -142.0
-17.0, 65.0
-162.0, -90.0
80.0, -50.0
183.0, 71.0
-53.0, 17.0
91.0, 5.0
-29.0, 87.0
-20.0, -58.0
-109.0, 11.0
61.0, -91.0
-34.0, 2.0
26.0, 94.0
-141.0, -53.0
13.0, 129.0
-28.0, 4.0
-3.0, 101.0
-70.0, 46.0
-45.0, 111.0
-98.0, 42.0
-93.0, 19.0
-22.0, 2.0
155.0, 19.0
50.0, -62.0
44.0, 34.0
61.0, -21.0
64.0, -16.0
-30.0, -108.0
103.0, -73.0
17.0, -3.0
-43.0, -1.0
-78.0, -50.0
-76.0, -38.0
-18.0, -150.0
-74.0, 34.0
-5.0, 93.0
16.0, 86.0
2.0, -52.0
37.0, -33.0
-125.0, 37.0
-96.0, -16.0
61.0, 15.0
110.0, 76.0
17.0, -47.0
79.0, -19.0
-151.0, -37.0
-25.0, -11.0
10.0, -44.0
-13.0, 153.0
-2.0, -18.0
46.0, -14.0
63.0, 101.0
30.0, -2.0
17.0, -65.0
-17.0, -55.0
42.0, -16.0
35.0, -73.0
72.0, -18.0
-4.0, -124.0
24.0, -46.0
10.0, -16.0
51.0, -35.0
122.0, 24.0
.0, 100.0
.0, 94.0
-9.0, 123.0
76.0, 106.0
69.0, -35.0
52.0, -32.0
26.0, -10.0
11.0, -45.0
-37.0, -19.0
-114.0, 20.0
-36.0, 94.0
29.0, 79.0
-19.0, 33.0
16.0, 12.0
70.0, -20.0
-102.0, -126.0
47.0, 63.0
-71.0, -95.0
-12.0, -78.0
11.0, 35.0
-53.0, 59.0
-24.0, -104.0
14.0, 72.0
10.0, 144.0
-15.0, 19.0
-24.0, 92.0
-15.0, -47.0
-48.0, -108.0
9.0, 45.0
134.0, 16.0
33.0, 29.0
15.0, 7.0
-34.0, -48.0
3.0, -45.0
-14.0, -80.0
-121.0, 11.0
-45.0, 203.0
38.0, -14.0
12.0, 32.0
-80.0, -46.0
-142.0, -30.0
-70.0, -112.0
72.0, -134.0
69.0, 9.0
16.0, -122.0
-84.0, -30.0
93.0, 57.0
-83.0, 1.0
15.0, -105.0
-24.0, 8.0
23.0, -25.0
-37.0, -63.0
-70.0, 54.0
-40.0, 124.0
4.0, -94.0
78.0, .0
-117.0, 111.0
41.0, 67.0
42.0, -8.0
38.0, 14.0
71.0, 75.0
56.0, -22.0
48.0, -30.0
-65.0, 101.0
-120.0, 96.0
-69.0, -27.0
-128.0, 94.0
-80.0, -18.0
-52.0, -12.0
85.0, -131.0
-20.0, -20.0
86.0, 64.0
-24.0, 102.0
-127.0, -7.0
-55.0, 13.0
-100.0, 84.0
-56.0, -116.0
3.0, 55.0
-40.0, -44.0
-58.0, 48.0
-18.0, 40.0
111.0, -53.0
142.0, 10.0
-55.0, -67.0
2.0, 44.0
-17.0, -55.0
108.0, -2.0
-73.0, -41.0
109.0, -49.0
-113.0, -113.0
103.0, -121.0
178.0, -36.0
-32.0, 100.0
10.0, -62.0
-17.0, -35.0
47.0, 131.0
-2.0, -116.0
-6.0, 2.0
28.0, -100.0
119.0, -29.0
63.0, -125.0
32.0, 34.0
48.0, -114.0
43.0, 29.0
-85.0, 73.0
2.0, 6.0
41.0, 65.0
-88.0, 110.0
32.0, 14.0
-89.0, -61.0
-32.0, -112.0
76.0, 26.0
-34.0, -112.0
-24.0, 8.0
-171.0, 15.0
-20.0, 84.0
112.0, 22.0
-25.0, 13.0
35.0, 63.0
-139.0, -83.0
-89.0, -17.0
65.0, 49.0
-55.0, -83.0
-19.0, -33.0
20.0, -54.0
-58.0, -84.0
79.0, -175.0
-35.0, -15.0
-45.0, 13.0
-108.0, -24.0
31.0, 113.0
-41.0, 49.0
47.0, -37.0
32.0, 96.0
-48.0, 12.0
78.0, -104.0
21.0, -13.0
18.0, 76.0
97.0, -9.0
47.0, -113.0
79.0, 43.0
-43.0, 5.0
23.0, 51.0
67.0, -33.0
-21.0, 9.0
-45.0, 71.0
13.0, 81.0
-83.0, -83.0
-39.0, -17.0
-66.0, 64.0
11.0, -1.0
49.0, 107.0
-19.0, 77.0
-53.0, -35.0
-29.0, 83.0
63.0, 71.0
-27.0, -25.0
33.0, -97.0
-96.0, -120.0
-82.0, -34.0
89.0, 17.0
-28.0, 20.0
-82.0, -20.0
-52.0, 44.0
-6.0, -44.0
-18.0, .0
42.0, -12.0
-56.0, 98.0
128.0, 118.0
8.0, 26.0
-32.0, 14.0
-56.0, 100.0
38.0, 60.0
-99.0, 67.0
106.0, 28.0
69.0, 13.0
136.0, 36.0
-66.0, -52.0
-81.0, 1.0
-46.0, 192.0
24.0, 112.0
-3.0, -9.0
-8.0, -60.0
-10.0, -34.0
16.0, 16.0
.0, 48.0
73.0, -53.0
-43.0, 17.0
-43.0, 27.0
71.0, 15.0
-5.0, -45.0
-4.0, -34.0
-35.0, 63.0
8.0, 26.0
23.0, -9.0
141.0, 25.0
32.0, 44.0
-26.0, -6.0
-84.0, 22.0
-62.0, -52.0
-39.0, -43.0
-88.0, 76.0
-4.0, 10.0
-49.0, 93.0
-8.0, 46.0
92.0, -140.0
-71.0, 29.0
73.0, -95.0
33.0, 29.0
51.0, -19.0
-22.0, -8.0
180.0, 74.0
28.0, 18.0
6.0, 34.0
54.0, -40.0
-2.0, 58.0
29.0, 57.0
-56.0, -28.0
-23.0, -109.0
52.0, .0
88.0, -58.0
143.0, -15.0
98.0, 56.0
50.0, -44.0
25.0, -185.0
68.0, -58.0
-54.0, 38.0
-56.0, 36.0
133.0, 21.0
-103.0, -121.0
-31.0, -147.0
-89.0, 71.0
83.0, 35.0
38.0, -36.0
-24.0, -46.0
98.0, 16.0
61.0, 27.0
-40.0, 6.0
12.0, 46.0
45.0, -209.0
-17.0, -59.0
-73.0, -13.0
-54.0, -182.0
-16.0, -18.0
48.0, -48.0
-45.0, -79.0
54.0, 48.0
-51.0, -7.0
44.0, -4.0
105.0, -37.0
-30.0, -88.0
121.0, -37.0
-24.0, -58.0
-53.0, -59.0
98.0, 36.0
17.0, -13.0
-5.0, -47.0
14.0, 26.0
86.0, 20.0
86.0, -10.0
-80.0, 32.0
15.0, 75.0
32.0, -18.0
23.0, -95.0
-57.0, 5.0
27.0, 57.0
66.0, -14.0
47.0, -59.0
20.0, -84.0
-107.0, 15.0
.0, 70.0
30.0, -22.0
-33.0, 67.0
-8.0, 6.0
91.0, -57.0
76.0, 18.0
-133.0, 1.0
-56.0, 102.0
-42.0, -68.0
44.0, 74.0
60.0, -130.0
64.0, -56.0
90.0, -26.0
131.0, 11.0
42.0, 106.0
5.0, -67.0
-48.0, 84.0
-59.0, -15.0
122.0, 48.0
85.0, 115.0
-40.0, 136.0
88.0, 8.0
104.0, 28.0
-16.0, 32.0
20.0, -144.0
163.0, -99.0
2.0, -118.0
-53.0, 5.0
84.0, -60.0
16.0, -58.0
-66.0, -48.0
126.0, -46.0
-3.0, 35.0
6.0, 84.0
-90.0, 114.0
-39.0, 19.0
124.0, -16.0
-66.0, -44.0
-40.0, 44.0
-58.0, -54.0
-59.0, 95.0
99.0, 11.0
36.0, 48.0
28.0, 32.0
56.0, -34.0
-116.0, 170.0
-64.0, -16.0
-26.0, -12.0
54.0, 6.0
-132.0, 66.0
-102.0, -18.0
63.0, 55.0
30.0, -74.0
-21.0, 85.0
-64.0, -34.0
-20.0, -58.0
7.0, 21.0
-1.0, -65.0
114.0, -72.0
26.0, -108.0
-18.0, -18.0
-58.0, 28.0
-28.0, -24.0
72.0, 6.0
-27.0, 13.0
-128.0, -34.0
-49.0, -87.0
68.0, 48.0
-249.0, 141.0
-24.0, -100.0
-73.0, 101.0
5.0, -43.0
115.0, -59.0
-49.0, 27.0
70.0, 44.0
93.0, 41.0
-107.0, -35.0
77.0, 11.0
-29.0, 81.0
74.0, 20.0
54.0, -44.0
92.0, 12.0
78.0, 32.0
24.0, -58.0
181.0, 7.0
-113.0, 97.0
46.0, 14.0
-10.0, 86.0
-56.0, -14.0
-140.0, -76.0
208.0, -94.0
2.0, 90.0
101.0, -7.0
71.0, 5.0
-60.0, 110.0
-118.0, -144.0
-3.0, -33.0
34.0, 28.0
-44.0, -68.0
85.0, 47.0
-132.0, -16.0
-43.0, 47.0
27.0, -107.0
-83.0, 137.0
1.0, 27.0
35.0, -19.0
-60.0, -26.0
-115.0, 57.0
93.0, 97.0
6.0, 52.0
-16.0, 82.0
60.0, -2.0
82.0, -90.0
-30.0, 36.0
-51.0, -39.0
114.0, -56.0
2.0, 62.0
59.0, 29.0
16.0, 56.0
17.0, 45.0
7.0, 121.0
-37.0, 81.0
112.0, 28.0
-19.0, -59.0
41.0, -29.0
81.0, 33.0
100.0, -88.0
9.0, -29.0
-28.0, 122.0
168.0, 16.0
-79.0, -97.0
31.0, -59.0
132.0, 116.0
-14.0, 44.0
23.0, -81.0
46.0, -48.0
73.0, -97.0
31.0, 47.0
-58.0, -76.0
-87.0, -99.0
-53.0, -61.0
77.0, -105.0
9.0, 13.0
120.0, -86.0
-35.0, -133.0
55.0, 189.0
108.0, 24.0
29.0, 1.0
-6.0, 24.0
18.0, 108.0
-41.0, -29.0
30.0, 34.0
-6.0, -30.0
-6.0, 12.0
-38.0, -48.0
.0, 108.0
54.0, -22.0
-178.0, -36.0
-53.0, 75.0
-79.0, -17.0
-65.0, 5.0
38.0, 24.0
-72.0, 84.0
39.0, 53.0
