-40.0, 390.0
-243.0, 55.0
414.0, -816.0
-1675.0, -637.0
19.0, -1431.0
-80.0, 898.0
-1006.0, 82.0
-551.0, 697.0
-624.0, 492.0
659.0, -521.0
-434.0, -600.0
1137.0, 527.0
563.0, 121.0
358.0, 324.0
387.0, -167.0
816.0, 198.0
-1306.0, -440.0
-903.0, -117.0
-1262.0, -122.0
624.0, -472.0
224.0, 22.0
539.0, -101.0
-229.0, 537.0
-63.0, 273.0
-410.0, 368.0
200.0, 944.0
-568.0, 158.0
-1060.0, 950.0
760.0, -524.0
-386.0, -90.0
-106.0, -422.0
-944.0, -558.0
451.0, 1339.0
-996.0, -266.0
596.0, 132.0
-405.0, 239.0
409.0, -63.0
399.0, -157.0
-616.0, -1116.0
-947.0, 309.0
-93.0, -639.0
54.0, 930.0
-40.0, -716.0
-525.0, 285.0
-570.0, 306.0
726.0, -150.0
433.0, -355.0
706.0, 22.0
-374.0, -36.0
-1335.0, -895.0
1258.0, -274.0
-856.0, -788.0
-818.0, 80.0
1273.0, 341.0
-914.0, -138.0
531.0, 945.0
726.0, 1098.0
10.0, 106.0
-1087.0, 1009.0
252.0, 182.0
-459.0, -601.0
337.0, 517.0
-491.0, -339.0
92.0, 400.0
71.0, 221.0
671.0, 615.0
24.0, 428.0
-1641.0, 933.0
-1265.0, -573.0
-1045.0, 3.0
-932.0, -234.0
457.0, -1127.0
594.0, 698.0
1361.0, 337.0
-15.0, 1327.0
-1182.0, 938.0
-805.0, 631.0
-109.0, -449.0
1322.0, -604.0
1304.0, -1150.0
-121.0, 1193.0
-457.0, 1159.0
291.0, 759.0
-350.0, 78.0
458.0, 878.0
-331.0, -291.0
1058.0, 842.0
-236.0, 468.0
1304.0, 288.0
-555.0, -655.0
671.0, -271.0
80.0, -220.0
-1175.0, 1199.0
-374.0, -548.0
-175.0, -1023.0
-26.0, -270.0
-1682.0, -180.0
-274.0, 1016.0
631.0, -525.0
1229.0, -7.0
611.0, -347.0
251.0, -127.0
960.0, -716.0
-319.0, 345.0
-83.0, 517.0
-172.0, -206.0
-400.0, 708.0
-77.0, -109.0
-1043.0, -1559.0
484.0, -2262.0
133.0, -101.0
116.0, 988.0
1371.0, -267.0
-563.0, -803.0
120.0, -200.0
-438.0, 660.0
578.0, -732.0
1873.0, -235.0
2240.0, 210.0
-1203.0, -781.0
34.0, -178.0
307.0, 589.0
445.0, 37.0
822.0, 362.0
-195.0, -109.0
-124.0, -646.0
-136.0, 1258.0
-674.0, 58.0
-58.0, -6.0
826.0, -546.0
41.0, 873.0
296.0, 270.0
92.0, 628.0
-672.0, -946.0
-321.0, -1213.0
-702.0, -40.0
934.0, 920.0
-186.0, 352.0
445.0, -899.0
-61.0, 587.0
681.0, -303.0
45.0, -123.0
397.0, -547.0
-465.0, 125.0
-567.0, 387.0
-133.0, -25.0
811.0, 577.0
514.0, 396.0
700.0, -1278.0
-1098.0, -432.0
135.0, 1171.0
-1323.0, -119.0
-552.0, 250.0
-7.0, 767.0
357.0, -103.0
886.0, -12.0
536.0, 598.0
-145.0, 451.0
283.0, -13.0
311.0, -1123.0
-211.0, 33.0
747.0, 1611.0
-278.0, 628.0
319.0, 3.0
-962.0, -134.0
341.0, 265.0
362.0, -94.0
-273.0, -343.0
-1756.0, -362.0
1633.0, -699.0
321.0, 283.0
-569.0, 721.0
385.0, 1381.0
-307.0, -1501.0
382.0, 290.0
-919.0, 103.0
1211.0, -1047.0
-75.0, 765.0
51.0, -277.0
-705.0, -45.0
130.0, 1146.0
-504.0, -878.0
-910.0, 106.0
-1090.0, 328.0
160.0, 360.0
-191.0, 653.0
-2462.0, -1048.0
-55.0, 363.0
-257.0, -625.0
-1264.0, 676.0
39.0, 929.0
-999.0, -177.0
-1420.0, 206.0
56.0, -446.0
-38.0, 442.0
-367.0, 621.0
-140.0, -46.0
548.0, 364.0
402.0, -788.0
9.0, 407.0
-449.0, 107.0
-605.0, 243.0
-66.0, -110.0
-570.0, 700.0
-1262.0, -120.0
592.0, 1218.0
-493.0, -149.0
-1442.0, -254.0
-516.0, 516.0
1089.0, 327.0
558.0, -204.0
392.0, 546.0
-705.0, -1397.0
251.0, 331.0
613.0, 411.0
1114.0, 262.0
591.0, 911.0
272.0, 716.0
367.0, 705.0
873.0, -31.0
-835.0, 263.0
-1001.0, 199.0
1158.0, -382.0
318.0, -40.0
1056.0, -1178.0
194.0, -114.0
-1032.0, -1992.0
1384.0, 740.0
-941.0, -481.0
486.0, -46.0
213.0, -563.0
-169.0, 179.0
-1299.0, 1121.0
440.0, 524.0
387.0, -261.0
1018.0, 264.0
-217.0, 1039.0
-89.0, -149.0
745.0, 439.0
-946.0, 620.0
-1026.0, -1724.0
-552.0, -54.0
245.0, 109.0
1178.0, -408.0
-393.0, -287.0
580.0, -170.0
-200.0, -1174.0
-609.0, 119.0
1036.0, -842.0
663.0, -1559.0
1726.0, -386.0
960.0, -366.0
1369.0, -623.0
-125.0, -99.0
124.0, 656.0
-80.0, 546.0
-454.0, -1234.0
-236.0, -1838.0
1401.0, -19.0
-1430.0, 808.0
-373.0, -603.0
-420.0, 436.0
574.0, -208.0
-103.0, 1475.0
-1.0, -361.0
290.0, -1294.0
92.0, -586.0
301.0, -529.0
-422.0, -628.0
-454.0, 968.0
-891.0, 93.0
-212.0, 708.0
238.0, -78.0
1507.0, 1087.0
-334.0, -848.0
585.0, 221.0
-14.0, -84.0
689.0, 833.0
911.0, -1207.0
613.0, 1293.0
-529.0, -1035.0
-442.0, 426.0
-386.0, 132.0
-1326.0, 560.0
-95.0, 1207.0
-500.0, 594.0
276.0, -570.0
-208.0, 644.0
1060.0, -482.0
-168.0, 486.0
1112.0, 840.0
1038.0, -2260.0
169.0, -655.0
-472.0, 886.0
504.0, 108.0
272.0, -266.0
983.0, 521.0
-281.0, -119.0
738.0, 556.0
-141.0, 129.0
-267.0, 1407.0
382.0, -10.0
-46.0, 508.0
-548.0, 764.0
-914.0, -460.0
525.0, -507.0
-90.0, -270.0
83.0, -481.0
-780.0, 236.0
247.0, -241.0
333.0, -467.0
994.0, 666.0
581.0, -193.0
-805.0, -41.0
858.0, 370.0
-695.0, -1161.0
-21.0, 187.0
857.0, -1431.0
-446.0, 636.0
-326.0, -208.0
-262.0, 342.0
988.0, -752.0
697.0, 471.0
-663.0, 615.0
-1845.0, 163.0
545.0, 337.0
240.0, -1160.0
173.0, 157.0
-878.0, 10.0
-137.0, -35.0
856.0, -548.0
96.0, 344.0
1471.0, -215.0
1413.0, -371.0
633.0, 883.0
-358.0, 180.0
1500.0, 36.0
-266.0, 326.0
54.0, -276.0
-506.0, -602.0
418.0, 916.0
128.0, 266.0
-797.0, 163.0
1035.0, 513.0
333.0, -533.0
784.0, -104.0
-218.0, 1372.0
328.0, 270.0
592.0, 1140.0
186.0, -950.0
928.0, 82.0
402.0, 74.0
-688.0, 936.0
947.0, 149.0
-84.0, 208.0
-663.0, 831.0
-1118.0, -48.0
768.0, 222.0
765.0, -677.0
370.0, 838.0
-292.0, -1068.0
1064.0, -416.0
-118.0, 512.0
13.0, -699.0
-424.0, -276.0
2.0, -846.0
-655.0, 245.0
1249.0, 773.0
368.0, 24.0
-347.0, 273.0
-412.0, -206.0
-178.0, 848.0
-470.0, -1214.0
1051.0, 649.0
-134.0, 906.0
566.0, -1502.0
391.0, -339.0
-100.0, -1050.0
393.0, -491.0
112.0, -256.0
-52.0, -326.0
393.0, -127.0
-1394.0, 388.0
-444.0, 310.0
1748.0, -954.0
-593.0, 17.0
-1256.0, 470.0
56.0, -1162.0
677.0, -653.0
-298.0, -286.0
-540.0, 818.0
-46.0, 280.0
-527.0, 133.0
-521.0, -1499.0
122.0, 1120.0
1366.0, 1024.0
-27.0, -627.0
-819.0, -1121.0
-131.0, 135.0
-873.0, -15.0
922.0, -1718.0
2031.0, -713.0
-1259.0, 311.0
-352.0, -144.0
5.0, 281.0
-1260.0, -662.0
-1104.0, -1792.0
-835.0, 195.0
-241.0, -93.0
-1200.0, 862.0
547.0, 183.0
1626.0, -174.0
-1165.0, 949.0
-43.0, 761.0
782.0, 492.0
419.0, -1447.0
-534.0, -146.0
78.0, 134.0
-1092.0, 550.0
326.0, -60.0
1077.0, 159.0
383.0, -275.0
-583.0, -843.0
-91.0, 1127.0
1187.0, 981.0
398.0, 78.0
108.0, 690.0
304.0, -954.0
138.0, -554.0
-535.0, 805.0
-336.0, 1008.0
-184.0, -1428.0
-279.0, 915.0
313.0, -479.0
-96.0, 610.0
445.0, -281.0
198.0, 832.0
1172.0, 954.0
-163.0, 217.0
-422.0, -1342.0
-1121.0, 33.0
-156.0, 902.0
175.0, 529.0
-57.0, 165.0
-178.0, 558.0
-1441.0, 1437.0
521.0, 393.0
264.0, 288.0
-447.0, -939.0
-142.0, 568.0
-745.0, -441.0
794.0, -26.0
239.0, 1165.0
-468.0, -248.0
-880.0, 1084.0
-465.0, 187.0
-919.0, 1267.0
210.0, -276.0
959.0, -1137.0
402.0, 494.0
-990.0, -604.0
4.0, 382.0
-762.0, -190.0
-115.0, -199.0
864.0, -242.0
-628.0, -246.0
-601.0, -1561.0
458.0, 810.0
92.0, 50.0
126.0, -236.0
209.0, -7.0
754.0, -528.0
-739.0, -1557.0
-276.0, 788.0
31.0, -777.0
-410.0, 252.0
488.0, -600.0
-392.0, -78.0
564.0, 118.0
-1272.0, 694.0
153.0, 283.0
-184.0, 406.0
694.0, -1084.0
-280.0, -1406.0
491.0, 1063.0
261.0, -327.0
-858.0, 124.0
477.0, -497.0
443.0, 197.0
1094.0, -500.0
111.0, 265.0
214.0, 696.0
-199.0, 405.0
-361.0, 145.0
-408.0, -316.0
528.0, 50.0
1693.0, -725.0
345.0, 337.0
142.0, -52.0
-988.0, -500.0
447.0, 139.0
93.0, 851.0
-61.0, 53.0
291.0, 233.0
-191.0, 939.0
250.0, 66.0
-444.0, 222.0
887.0, 1173.0
16.0, 484.0
254.0, 372.0
997.0, 1023.0
778.0, -458.0
-376.0, -354.0
737.0, 409.0
296.0, 420.0
686.0, 892.0
562.0, 424.0
1149.0, 905.0
68.0, -518.0
44.0, 1668.0
-99.0, -397.0
-502.0, 802.0
-546.0, 572.0
-554.0, 850.0
755.0, -575.0
636.0, -1024.0
802.0, -1924.0
368.0, 708.0
710.0, -970.0
-301.0, -647.0
-106.0, -404.0
-1024.0, 70.0
-646.0, 414.0
512.0, 664.0
-405.0, -361.0
-918.0, -106.0
165.0, -1449.0
1076.0, 190.0
-402.0, 104.0
-272.0, 260.0
-233.0, 139.0
-1229.0, -67.0
226.0, 760.0
1088.0, 46.0
448.0, -406.0
-759.0, 1263.0
444.0, -652.0
-315.0, 227.0
-942.0, -2090.0
-712.0, -1034.0
-12.0, -100.0
-425.0, 947.0
-987.0, 1081.0
-1333.0, 441.0
-2229.0, 509.0
-925.0, -93.0
-1139.0, 1.0
412.0, 108.0
-204.0, -372.0
1361.0, -971.0
565.0, 573.0
-658.0, -126.0
22.0, 386.0
111.0, -43.0
659.0, 759.0
-735.0, -105.0
179.0, -287.0
-35.0, -801.0
517.0, 539.0
663.0, 273.0
-22.0, -830.0
-734.0, 898.0
-248.0, 76.0
321.0, 239.0
186.0, -828.0
-580.0, 150.0
958.0, 686.0
-259.0, -115.0
-744.0, -640.0
480.0, -1022.0
-423.0, -123.0
-22.0, -84.0
-99.0, 257.0
-298.0, -934.0
57.0, 785.0
22.0, -1102.0
-374.0, -344.0
751.0, 455.0
402.0, 222.0
811.0, 177.0
-495.0, 189.0
399.0, -1859.0
2242.0, 256.0
-1168.0, -1216.0
-1690.0, -746.0
1173.0, 111.0
305.0, 293.0
109.0, 1089.0
291.0, -319.0
-469.0, -305.0
-967.0, -937.0
-1385.0, -1097.0
-215.0, 225.0
93.0, -465.0
631.0, 581.0
-696.0, -1542.0
1229.0, -287.0
-705.0, -55.0
-112.0, -1936.0
591.0, 997.0
-883.0, 85.0
911.0, -515.0
-235.0, 1275.0
-1116.0, -1316.0
-381.0, -585.0
-286.0, 198.0
1104.0, 536.0
1150.0, -792.0
252.0, 600.0
-1193.0, -17.0
-1829.0, -1175.0
-336.0, 74.0
-591.0, -173.0
225.0, -9.0
145.0, -629.0
-527.0, -373.0
132.0, -914.0
644.0, -14.0
702.0, 914.0
493.0, 987.0
1414.0, 596.0
-1212.0, 396.0
-837.0, 289.0
67.0, 417.0
645.0, -709.0
804.0, -172.0
942.0, 462.0
-206.0, 830.0
-124.0, -318.0
-449.0, 187.0
635.0, -455.0
-329.0, -1029.0
462.0, -578.0
-111.0, 375.0
825.0, -315.0
-1295.0, 225.0
-1274.0, -106.0
222.0, -322.0
-867.0, 447.0
-139.0, 239.0
-77.0, -295.0
-426.0, -552.0
-504.0, -170.0
-319.0, 375.0
232.0, -720.0
734.0, 390.0
305.0, -301.0
2585.0, -1177.0
772.0, 168.0
-586.0, -624.0
662.0, 38.0
-335.0, -171.0
-149.0, 405.0
397.0, 2031.0
68.0, 386.0
1103.0, 879.0
-493.0, 587.0
-125.0, -269.0
741.0, -293.0
-47.0, -533.0
-780.0, -182.0
-638.0, -120.0
-409.0, 155.0
-279.0, 621.0
-493.0, -377.0
-2060.0, -1328.0
-55.0, -561.0
-220.0, 24.0
-1900.0, 640.0
-862.0, 1666.0
671.0, -677.0
-1001.0, -379.0
-215.0, -37.0
282.0, -450.0
1353.0, 105.0
-801.0, 629.0
-1484.0, -1596.0
-861.0, 193.0
-51.0, 785.0
494.0, -768.0
-1205.0, 971.0
32.0, -992.0
-638.0, -616.0
-580.0, 908.0
402.0, 1460.0
124.0, 866.0
-611.0, -595.0
-119.0, -529.0
-1117.0, -931.0
-220.0, -458.0
-197.0, 629.0
884.0, -1050.0
527.0, -755.0
-471.0, 615.0
1358.0, -1066.0
773.0, -237.0
762.0, -8.0
655.0, -709.0
-674.0, 442.0
1227.0, 143.0
327.0, -301.0
-759.0, -673.0
194.0, -178.0
-1086.0, 268.0
516.0, 1332.0
92.0, -416.0
1252.0, -720.0
296.0, 1306.0
112.0, 36.0
-1226.0, -1402.0
-696.0, -60.0
-1485.0, -965.0
19.0, 1441.0
-683.0, 887.0
-395.0, -285.0
-114.0, -382.0
1953.0, 603.0
-977.0, 1425.0
-1556.0, -64.0
-212.0, 626.0
129.0, 1423.0
146.0, -626.0
-692.0, -860.0
-411.0, 641.0
-226.0, 288.0
1108.0, 50.0
708.0, -418.0
-453.0, -981.0
1067.0, 23.0
-764.0, -240.0
761.0, 507.0
184.0, 1366.0
572.0, -458.0
-552.0, 670.0
-521.0, 333.0
-237.0, 391.0
-81.0, -97.0
443.0, -941.0
-406.0, -714.0
-815.0, 771.0
-340.0, 1460.0
46.0, 766.0
532.0, 776.0
-85.0, 157.0
-197.0, 705.0
-141.0, 327.0
1415.0, 647.0
-532.0, 378.0
115.0, 1015.0
-1387.0, 799.0
-241.0, -1713.0
1315.0, -121.0
-79.0, -33.0
-593.0, 51.0
321.0, -37.0
1453.0, -633.0
-112.0, 132.0
1236.0, -2.0
-498.0, -962.0
10.0, 272.0
-932.0, 476.0
454.0, -290.0
694.0, 102.0
-238.0, -1190.0
-158.0, 1610.0
-485.0, 119.0
713.0, -837.0
-348.0, 738.0
307.0, 543.0
361.0, -97.0
-62.0, 720.0
1282.0, -728.0
339.0, 971.0
599.0, 1287.0
-219.0, 1231.0
472.0, 234.0
759.0, 713.0
939.0, -103.0
-1041.0, -293.0
510.0, 470.0
213.0, 337.0
491.0, -749.0
-1690.0, -274.0
971.0, -705.0
-233.0, -537.0
-1055.0, -207.0
137.0, 681.0
-1359.0, -117.0
306.0, -166.0
-1291.0, -33.0
111.0, -1115.0
248.0, 520.0
988.0, -358.0
-358.0, -548.0
-879.0, 509.0
-783.0, -461.0
-379.0, -465.0
612.0, 750.0
450.0, 808.0
282.0, -1264.0
337.0, -839.0
-506.0, 1166.0
1132.0, 280.0
-811.0, 875.0
631.0, -111.0
291.0, 923.0
-147.0, -1501.0
-68.0, 56.0
-392.0, 84.0
13.0, -149.0
-576.0, 1300.0
494.0, -858.0
-720.0, -1810.0
-132.0, -64.0
1403.0, -327.0
-455.0, -405.0
1007.0, -319.0
297.0, 631.0
1116.0, -124.0
-44.0, 990.0
-270.0, 472.0
1825.0, 451.0
222.0, -132.0
-543.0, -365.0
-90.0, -310.0
-130.0, 432.0
-39.0, -245.0
192.0, 620.0
-657.0, 215.0
112.0, -118.0
-893.0, 407.0
58.0, 296.0
-522.0, 358.0
-1763.0, -357.0
-116.0, 202.0
-237.0, 895.0
660.0, 790.0
878.0, -170.0
578.0, -1502.0
33.0, 765.0
1187.0, -513.0
-272.0, -892.0
821.0, 1083.0
1069.0, -625.0
179.0, -131.0
385.0, -489.0
-381.0, -3.0
-929.0, -661.0
-464.0, -786.0
-149.0, -227.0
-483.0, 85.0
-668.0, -476.0
-446.0, 1384.0
639.0, 657.0
-365.0, 205.0
-202.0, 1552.0
264.0, -1296.0
-179.0, -529.0
542.0, 144.0
-36.0, 966.0
106.0, 136.0
-251.0, -273.0
-693.0, -1177.0
-1003.0, -997.0
-115.0, 577.0
-131.0, 23.0
-464.0, -684.0
-544.0, -54.0
349.0, -459.0
57.0, -683.0
533.0, 777.0
319.0, -587.0
776.0, -434.0
-1116.0, -336.0
1306.0, 470.0
-219.0, 205.0
45.0, -61.0
-50.0, 682.0
-618.0, -268.0
-1135.0, 1365.0
-488.0, -1428.0
-7.0, -1147.0
88.0, -442.0
402.0, 296.0
477.0, 281.0
526.0, -26.0
205.0, -861.0
1571.0, 205.0
-796.0, -40.0
448.0, -974.0
866.0, -174.0
-1030.0, 140.0
-265.0, -587.0
1229.0, -305.0
-244.0, 316.0
236.0, -1102.0
-172.0, 186.0
-338.0, -1042.0
474.0, 328.0
882.0, 624.0
-1198.0, 308.0
1269.0, -35.0
1053.0, 769.0
37.0, 521.0
465.0, -5.0
-586.0, 190.0
906.0, -466.0
-37.0, -815.0
721.0, 785.0
833.0, 139.0
-680.0, 444.0
278.0, 676.0
-548.0, -636.0
531.0, -145.0
-1823.0, -711.0
-368.0, 6.0
-201.0, 853.0
191.0, -1267.0
320.0, -1922.0
-218.0, -568.0
-690.0, -56.0
-593.0, -1215.0
138.0, -520.0
74.0, -430.0
686.0, -1236.0
593.0, -367.0
387.0, 143.0
-531.0, -957.0
-85.0, 1013.0
-410.0, 986.0
65.0, 341.0
-456.0, -726.0
172.0, 446.0
-146.0, 348.0
-313.0, 39.0
-320.0, 178.0
-1760.0, -532.0
891.0, 957.0
1073.0, 719.0
779.0, -915.0
-282.0, 322.0
656.0, -690.0
-590.0, -166.0
-606.0, -28.0
972.0, 352.0
6.0, -344.0
-930.0, -206.0
-355.0, 697.0
548.0, -1286.0
351.0, 873.0
1.0, -283.0
350.0, -668.0
-373.0, -689.0
-904.0, -1282.0
242.0, 86.0
-66.0, 180.0
138.0, -94.0
478.0, 900.0
-397.0, 139.0
86.0, -1418.0
921.0, 483.0
375.0, 555.0
14.0, 1126.0
-193.0, 1321.0
-548.0, -140.0
-1107.0, 1563.0
963.0, -945.0
-45.0, 1069.0
-204.0, -140.0
-606.0, -880.0
-578.0, 1094.0
656.0, 740.0
141.0, 535.0
879.0, 467.0
256.0, 646.0
-420.0, -654.0
-977.0, 757.0
262.0, 784.0
-770.0, -1542.0
531.0, 31.0
-383.0, -995.0
152.0, 88.0
658.0, 172.0
333.0, -953.0
-980.0, 16.0
-505.0, 997.0
-119.0, 103.0
-565.0, 467.0
-275.0, 319.0
-776.0, -122.0
