2, -6
23, -19
0, 0
-2, 8
-36, -28
-1, -37
-4, 6
8, -6
-43, -7
11, -25
-24, 6
42, 20
21, 57
-10, -6
12, -4
17, 15
55, -5
-26, -46
-32, 22
24, 4
11, -55
7, 31
40, -8
6, -36
-11, -1
3, 19
-47, 37
-7, -9
27, 15
-25, 9
-5, -17
-39, -3
-20, 14
9, -5
-8, 2
13, 5
36, 20
6, 14
-27, -15
-5, 29
17, 11
-25, 25
15, -7
17, -17
-3, 3
-8, -18
6, -16
29, 27
4, -4
-5, -5
-37, 23
7, -15
0, -38
-8, 26
12, -30
-3, 39
-11, -9
-37, -15
14, 12
-14, 44
-49, -13
13, -19
35, -23
26, -2
2, -12
-6, -2
-3, -23
16, -30
-7, 19
13, -15
7, 11
3, -19
12, -14
-29, 1
-14, 6
15, -17
-32, -24
-23, 23
10, 2
7, 3
-30, 26
14, 2
36, -40
-6, -22
25, 11
3, -31
1, 51
-68, -10
-17, 1
33, -35
5, -3
-20, -4
39, 9
22, -4
6, -30
4, -26
6, -32
36, 26
-31, -43
48, -16
-31, -1
-14, -10
46, -24
0, 42
-14, 6
8, 4
17, -7
36, 4
19, -5
4, -8
-25, 3
-6, 8
11, 15
61, 13
-33, 25
-4, 6
-1, -3
9, 5
-6, 20
16, 30
22, 30
-1, 9
-22, 0
11, -5
-12, 2
-48, -4
6, 20
52, 0
-14, -50
-18, 12
4, 2
-1, -13
2, -8
31, -21
-21, 19
39, -27
-14, 22
-21, -19
15, -5
-4, 0
-3, -17
39, 11
3, -25
-32, 16
8, -10
28, 30
-51, 15
2, 24
11, 31
-15, 25
-21, 33
10, 42
-8, 24
-37, 3
21, 7
-22, 18
21, 11
9, -9
-15, 11
23, -51
0, -18
-13, 39
3, 9
23, -17
-7, -5
-17, -29
13, 3
7, -35
2, -10
25, 35
-44, -52
6, -14
32, -24
34, -30
28, -26
6, 38
-4, 12
35, -35
21, 41
-7, 7
-17, -5
-21, 19
7, 13
-25, -1
36, 0
4, -44
-1, 5
24, -28
-8, 26
24, 22
-25, 21
9, 3
8, 10
-20, 0
3, 7
19, 11
-31, -11
-14, 26
-18, 18
13, -23
-37, -17
21, 9
-26, -18
-30, -6
23, 29
9, -25
24, -4
-24, -44
33, -43
49, -7
-6, 22
-23, -17
22, 30
5, 11
-18, 28
-26, 4
12, 18
14, 26
21, -15
-14, 40
12, 6
-23, -3
16, -2
-28, -40
-21, -5
60, -14
-18, -10
-9, 17
-11, 37
-32, -2
20, 4
28, -12
-38, 52
24, -24
14, 2
9, -9
-12, 50
-27, 17
-41, -15
26, 20
12, -12
-46, 0
-40, 20
-2, -4
15, 1
2, -4
1, 9
26, -12
-28, -12
27, -17
-13, 21
-30, 10
19, 3
-23, 15
24, 10
-20, -4
-2, 42
18, 2
53, -27
-12, -50
-18, -10
7, -53
11, -9
-53, 53
14, 18
-34, -24
-8, -36
-7, 25
-26, 18
-38, 16
-13, -9
-17, 23
-14, -10
-22, 6
-21, 11
1, -47
-18, 38
5, -65
-19, -29
58, -14
-33, 19
22, -16
8, 0
-13, 43
39, -5
0, -18
-13, 15
42, 8
-18, -26
-3, -5
-7, -47
-10, -48
-14, -58
-44, -8
-8, -12
51, -7
1, 27
-2, -14
-49, -9
12, 40
2, 4
-21, 11
-31, 11
6, 42
17, -1
29, 23
21, -37
-22, 26
5, 3
-15, 27
-21, 35
-27, -15
-3, -27
-4, -32
0, 12
-16, 18
-15, -11
26, -10
-12, -54
20, -26
5, -21
-11, -49
-33, -29
38, 12
-48, 6
-18, 16
37, -5
-41, 1
23, 13
-20, 4
2, 26
25, 7
49, -17
-23, 19
11, -51
14, -4
8, 10
23, -19
-19, 5
-20, 16
8, 2
-17, 29
-12, -10
-63, -35
5, -27
-1, -19
-24, -6
48, -38
14, 42
-5, 29
-39, -1
27, 23
6, -14
3, -41
-27, -13
1, -19
-12, -26
31, -9
18, 14
-27, -1
-41, -27
28, 10
11, -19
-12, 18
15, -13
-19, 3
23, 21
-14, 20
-28, 2
9, 11
44, 10
17, -5
6, -14
1, -19
50, 18
16, -12
5, -31
46, 0
5, 5
9, 11
-6, -18
-47, 33
-12, 4
20, 14
37, 21
10, 16
21, 21
17, -1
29, 3
-25, 11
-14, -8
30, -6
-44, -4
-11, -7
-31, 31
14, 14
-17, -31
-14, 24
17, 23
42, -28
