.000000 .523599 .000000
.000000 .523149 -.015000
.030000 .522277 -.029043
.060000 .521013 -.042134
.090000 .519385 -.054276
.120000 .517421 -.065475
.150000 .515149 -.075738
.180000 .512597 -.085072
.210000 .509792 -.093486
.240000 .506762 -.100988
.270000 .503535 -.107589
.300000 .500136 -.113299
.330000 .496592 -.118129
.360000 .492929 -.122093
.390000 .489173 -.125203
.420000 .485349 -.127473
.450000 .481481 -.128918
.480000 .477595 -.129552
.510000 .473713 -.129393
.540000 .469859 -.128456
.570000 .466057 -.126759
.600000 .462327 -.124319
.630000 .458692 -.121156
.660000 .455174 -.117288
.690000 .451792 -.112735
.720000 .448566 -.107517
.750000 .445516 -.101656
.780000 .442661 -.095171
.810000 .440019 -.088085
.840000 .437606 -.080419
.870000 .435440 -.072197
.900000 .433537 -.063442
.930000 .431912 -.054175
.960000 .430579 -.044422
.990000 .429553 -.034205
1.020000 .428846 -.023549
1.050000 .428472 -.012479
1.080000 .428441 -.001018
1.110000 .428766 .010808
1.140000 .429455 .022974
1.170000 .430519 .035456
1.200000 .431966 .048229
1.230000 .433804 .061267
1.260000 .436040 .074546
1.290000 .438681 .088039
1.320000 .441733 .101723
1.350000 .445200 .115571
1.380000 .449087 .129560
1.410000 .453397 .143665
1.440000 .458132 .157860
1.470000 .463296 .172122
1.500000 .468889 .186426
1.530000 .474911 .200749
1.560000 .481363 .215066
1.590000 .488244 .229355
1.620000 .495552 .243593
1.650000 .503285 .257757
1.680000 .511439 .271825
1.710000 .520013 .285776
1.740000 .529000 .299587
1.770000 .538397 .313239
1.800000 .548199 .326711
1.830000 .558398 .339984
1.860000 .568989 .353037
1.890000 .579965 .365854
1.920000 .591317 .378414
1.950000 .603038 .390703
1.980000 .615119 .402701
2.010000 .627551 .414395
2.040000 .640324 .425767
2.070000 .653428 .436804
2.100000 .666853 .447490
2.130000 .680588 .457814
2.160000 .694620 .467762
2.190000 .708940 .477322
2.220000 .723535 .486483
2.250000 .738392 .495234
2.280000 .753499 .503566
2.310000 .768843 .511470
2.340000 .784411 .518937
2.370000 .800190 .525959
2.400000 .816165 .532529
2.430000 .832325 .538642
2.460000 .848653 .544291
2.490000 .865138 .549472
2.520000 .881763 .554180
2.550000 .898515 .558412
2.580000 .915380 .562163
2.610000 .932343 .565433
2.640000 .949390 .568218
2.670000 .966505 .570518
2.700000 .983675 .572332
2.730000 1.000885 .573659
2.760000 1.018120 .574499
2.790000 1.035366 .574853
2.820000 1.052607 .574721
2.850000 1.069830 .574106
2.880000 1.087021 .573008
2.910000 1.104163 .571429
2.940000 1.121245 .569373
2.970000 1.138250 .566841
3.000000 1.155165 .563836
3.030000 1.171976 .560361
3.060000 1.188668 .556419
3.090000 1.205229 .552014
3.120000 1.221643 .547149
3.150000 1.237898 .541828
3.180000 1.253980 .536053
3.210000 1.269875 .529829
3.240000 1.285569 .523160
3.270000 1.301051 .516048
3.300000 1.316306 .508498
3.330000 1.331321 .500513
3.360000 1.346084 .492097
3.390000 1.360582 .483253
3.420000 1.374801 .473984
3.450000 1.388730 .464294
3.480000 1.402356 .454186
3.510000 1.415666 .443663
3.540000 1.428647 .432727
3.570000 1.441289 .421381
3.600000 1.453578 .409628
3.630000 1.465502 .397471
3.660000 1.477049 .384910
3.690000 1.488208 .371950
3.720000 1.498965 .358590
3.750000 1.509310 .344834
3.780000 1.519231 .330682
3.810000 1.528715 .316136
3.840000 1.537751 .301197
3.870000 1.546327 .285867
3.900000 1.554431 .270146
3.930000 1.562052 .254035
3.960000 1.569178 .237535
3.990000 1.575798 .220647
4.020000 1.581899 .203371
4.050000 1.587470 .185708
4.080000 1.592500 .167659
4.110000 1.596976 .149223
4.140000 1.600888 .130401
4.170000 1.604224 .111194
4.200000 1.606972 .091602
4.230000 1.609121 .071627
4.260000 1.610659 .051268
4.290000 1.611575 .030527
4.320000 1.611857 .009404
4.350000 1.611494 -.012099
4.380000 1.610475 -.033980
4.410000 1.608787 -.056239
4.440000 1.606421 -.078872
4.470000 1.603365 -.101878
4.500000 1.599607 -.125253
4.530000 1.595138 -.148996
4.560000 1.589945 -.173101
4.590000 1.584018 -.197565
4.620000 1.577346 -.222383
4.650000 1.569920 -.247549
4.680000 1.561728 -.273059
4.710000 1.552761 -.298904
4.740000 1.543008 -.325079
4.770000 1.532461 -.351573
4.800000 1.521110 -.378379
4.830000 1.508945 -.405486
4.860000 1.495959 -.432883
4.890000 1.482142 -.460559
4.920000 1.467487 -.488499
4.950000 1.451986 -.516691
4.980000 1.435633 -.545118
5.010000 1.418420 -.573763
5.040000 1.400342 -.602609
5.070000 1.381392 -.631637
5.100000 1.361568 -.660825
5.130000 1.340863 -.690153
5.160000 1.319275 -.719595
5.190000 1.296801 -.749127
5.220000 1.273440 -.778722
5.250000 1.249189 -.808353
5.280000 1.224049 -.837989
5.310000 1.198021 -.867600
5.340000 1.171107 -.897153
5.370000 1.143309 -.926613
5.400000 1.114630 -.955945
5.430000 1.085077 -.985111
5.460000 1.054655 -1.014074
5.490000 1.023371 -1.042792
5.520000 .991234 -1.071226
5.550000 .958254 -1.099333
5.580000 .924442 -1.127070
5.610000 .889810 -1.154392
5.640000 .854373 -1.181255
5.670000 .818144 -1.207614
5.700000 .781141 -1.233423
5.730000 .743382 -1.258636
5.760000 .704886 -1.283208
5.790000 .665673 -1.307093
5.820000 .625766 -1.330247
5.850000 .585187 -1.352624
5.880000 .543962 -1.374183
5.910000 .502115 -1.394881
5.940000 .459675 -1.414678
5.970000 .416669 -1.433536
6.000000 .373126 -1.451420
6.030000 .329077 -1.468294
6.060000 .284554 -1.484129
6.090000 .239587 -1.498896
6.120000 .194210 -1.512570
6.150000 .148456 -1.525129
6.180000 .102359 -1.536555
6.210000 .055954 -1.546834
6.240000 .009275 -1.555955
6.270000 -.037642 -1.563912
6.300000 -.084763 -1.570701
6.330000 -.132053 -1.576324
6.360000 -.179476 -1.580786
6.390000 -.226999 -1.584098
6.420000 -.274587 -1.586271
6.450000 -.322207 -1.587325
6.480000 -.369825 -1.587279
6.510000 -.417410 -1.586159
6.540000 -.464930 -1.583992
6.570000 -.512354 -1.580811
6.600000 -.559654 -1.576650
6.630000 -.606800 -1.571545
6.660000 -.653766 -1.565538
6.690000 -.700526 -1.558669
6.720000 -.747056 -1.550982
6.750000 -.793332 -1.542524
6.780000 -.839332 -1.533341
6.810000 -.885036 -1.523482
6.840000 -.930426 -1.512994
6.870000 -.975484 -1.501928
6.900000 -1.020194 -1.490333
6.930000 -1.064542 -1.478258
6.960000 -1.108514 -1.465753
6.990000 -1.152100 -1.452866
7.020000 -1.195290 -1.439646
7.050000 -1.238074 -1.426138
7.080000 -1.280445 -1.412391
7.110000 -1.322399 -1.398447
7.140000 -1.363929 -1.384350
7.170000 -1.405034 -1.370142
7.200000 -1.445710 -1.355863
7.230000 -1.485956 -1.341551
7.260000 -1.525773 -1.327243
7.290000 -1.565163 -1.312974
7.320000 -1.604126 -1.298775
7.350000 -1.642666 -1.284678
7.380000 -1.680788 -1.270712
7.410000 -1.718495 -1.256905
7.440000 -1.755793 -1.243280
7.470000 -1.792689 -1.229861
7.500000 -1.829189 -1.216670
7.530000 -1.865301 -1.203726
7.560000 -1.901032 -1.191047
7.590000 -1.936392 -1.178649
7.620000 -1.971388 -1.166547
7.650000 -2.006031 -1.154753
7.680000 -2.040329 -1.143279
7.710000 -2.074293 -1.132135
7.740000 -2.107933 -1.121329
7.770000 -2.141259 -1.110869
7.800000 -2.174282 -1.100761
7.830000 -2.207012 -1.091010
7.860000 -2.239461 -1.081618
7.890000 -2.271638 -1.072590
7.920000 -2.303556 -1.063927
7.950000 -2.335225 -1.055630
7.980000 -2.366656 -1.047699
8.010000 -2.397860 -1.040133
8.040000 -2.428848 -1.032931
8.070000 -2.459631 -1.026090
8.100000 -2.490219 -1.019609
8.130000 -2.520623 -1.013483
8.160000 -2.550855 -1.007710
8.190000 -2.580923 -1.002284
8.220000 -2.610839 -.997202
8.250000 -2.640613 -.992458
8.280000 -2.670254 -.988047
8.310000 -2.699773 -.983963
8.340000 -2.729179 -.980200
8.370000 -2.758482 -.976751
8.400000 -2.787690 -.973611
8.430000 -2.816813 -.970773
8.460000 -2.845860 -.968229
8.490000 -2.874840 -.965973
8.520000 -2.903759 -.963997
8.550000 -2.932628 -.962294
8.580000 -2.961454 -.960856
8.610000 -2.990244 -.959675
8.640000 -3.019007 -.958744
8.670000 -3.047748 -.958055
8.700000 -3.076476 -.957598
8.730000 -3.105197 -.957367
8.760000 -3.133918 -.957352
8.790000 -3.162644 -.957546
8.820000 -3.191382 -.957939
8.850000 -3.220138 -.958522
8.880000 -3.248917 -.959287
8.910000 -3.277723 -.960225
8.940000 -3.306563 -.961326
8.970000 -3.335441 -.962581
9.000000 -3.364360 -.963981
9.030000 -3.393325 -.965515
9.060000 -3.422341 -.967173
9.090000 -3.451409 -.968946
9.120000 -3.480534 -.970823
9.150000 -3.509717 -.972793
9.180000 -3.538963 -.974845
9.210000 -3.568272 -.976970
9.240000 -3.597646 -.979154
9.270000 -3.627088 -.981387
9.300000 -3.656598 -.983657
9.330000 -3.686176 -.985951
9.360000 -3.715824 -.988258
9.390000 -3.745541 -.990565
9.420000 -3.775327 -.992858
9.450000 -3.805180 -.995124
9.480000 -3.835101 -.997351
9.510000 -3.865087 -.999523
9.540000 -3.895136 -1.001628
9.570000 -3.925245 -1.003651
9.600000 -3.955412 -1.005576
9.630000 -3.985634 -1.007390
9.660000 -4.015906 -1.009077
9.690000 -4.046225 -1.010622
9.720000 -4.076585 -1.012009
9.750000 -4.106982 -1.013222
9.780000 -4.137409 -1.014246
9.810000 -4.167861 -1.015064
9.840000 -4.198331 -1.015661
9.870000 -4.228812 -1.016020
9.900000 -4.259295 -1.016124
9.930000 -4.289774 -1.015958
9.960000 -4.320239 -1.015505
9.990000 -4.350682 -1.014748
10.020000 -4.381092 -1.013672
10.050000 -4.411460 -1.012261
10.080000 -4.441775 -1.010499
10.110000 -4.472026 -1.008371
10.140000 -4.502202 -1.005860
10.170000 -4.532290 -1.002954
10.200000 -4.562279 -.999636
10.230000 -4.592156 -.995894
10.260000 -4.621908 -.991713
10.290000 -4.651520 -.987082
10.320000 -4.680980 -.981988
10.350000 -4.710272 -.976419
10.380000 -4.739383 -.970366
10.410000 -4.768298 -.963818
10.440000 -4.797001 -.956767
10.470000 -4.825477 -.949204
10.500000 -4.853711 -.941123
10.530000 -4.881686 -.932517
10.560000 -4.909388 -.923383
10.590000 -4.936799 -.913715
10.620000 -4.963904 -.903512
10.650000 -4.990688 -.892773
10.680000 -5.017132 -.881497
10.710000 -5.043223 -.869684
10.740000 -5.068943 -.857339
10.770000 -5.094277 -.844464
10.800000 -5.119209 -.831064
10.830000 -5.143723 -.817145
10.860000 -5.167805 -.802715
10.890000 -5.191438 -.787783
10.920000 -5.214609 -.772358
10.950000 -5.237303 -.756453
10.980000 -5.259505 -.740078
11.010000 -5.281202 -.723249
11.040000 -5.302382 -.705981
11.070000 -5.323030 -.688288
11.100000 -5.343136 -.670189
11.130000 -5.362687 -.651701
11.160000 -5.381672 -.632843
11.190000 -5.400082 -.613637
11.220000 -5.417905 -.594102
11.250000 -5.435132 -.574261
11.280000 -5.451756 -.554136
11.310000 -5.467769 -.533751
11.340000 -5.483163 -.513129
11.370000 -5.497932 -.492296
11.400000 -5.512070 -.471277
11.430000 -5.525573 -.450097
11.460000 -5.538436 -.428782
11.490000 -5.550657 -.407359
11.520000 -5.562233 -.385855
11.550000 -5.573162 -.364296
11.580000 -5.583443 -.342709
11.610000 -5.593077 -.321123
11.640000 -5.602064 -.299564
11.670000 -5.610405 -.278059
11.700000 -5.618104 -.256635
11.730000 -5.625164 -.235320
11.760000 -5.631588 -.214140
11.790000 -5.637382 -.193123
11.820000 -5.642551 -.172293
11.850000 -5.647101 -.151678
11.880000 -5.651040 -.131303
11.910000 -5.654376 -.111193
11.940000 -5.657117 -.091372
11.970000 -5.659273 -.071866
12.000000 -5.660854 -.052698
12.030000 -5.661871 -.033890
12.060000 -5.662335 -.015466
12.090000 -5.662258 .002553
12.120000 -5.661654 .020145
12.150000 -5.660535 .037291
12.180000 -5.658916 .053969
12.210000 -5.656811 .070162
12.240000 -5.654235 .085851
12.270000 -5.651205 .101018
12.300000 -5.647735 .115647
12.330000 -5.643844 .129721
12.360000 -5.639547 .143226
12.390000 -5.634863 .156148
12.420000 -5.629808 .168472
12.450000 -5.624403 .180187
12.480000 -5.618664 .191281
12.510000 -5.612612 .201743
12.540000 -5.606265 .211562
12.570000 -5.599643 .220730
12.600000 -5.592766 .229238
12.630000 -5.585654 .237079
12.660000 -5.578326 .244247
12.690000 -5.570804 .250734
12.720000 -5.563108 .256537
12.750000 -5.555259 .261652
12.780000 -5.547277 .266074
12.810000 -5.539183 .269801
12.840000 -5.530998 .272831
12.870000 -5.522743 .275163
12.900000 -5.514439 .276796
12.930000 -5.506107 .277732
12.960000 -5.497768 .277970
12.990000 -5.489442 .277512
13.020000 -5.481152 .276361
13.050000 -5.472916 .274519
13.080000 -5.464756 .271991
13.110000 -5.456693 .268779
13.140000 -5.448746 .264888
13.170000 -5.440937 .260324
13.200000 -5.433284 .255092
13.230000 -5.425808 .249198
13.260000 -5.418528 .242648
13.290000 -5.411465 .235451
13.320000 -5.404637 .227612
13.350000 -5.398062 .219140
13.380000 -5.391761 .210043
13.410000 -5.385751 .200330
13.440000 -5.380051 .190009
13.470000 -5.374678 .179090
13.500000 -5.369651 .167583
13.530000 -5.364986 .155496
13.560000 -5.360701 .142841
13.590000 -5.356812 .129628
13.620000 -5.353336 .115868
13.650000 -5.350289 .101572
13.680000 -5.347686 .086750
13.710000 -5.345544 .071416
13.740000 -5.343876 .055581
13.770000 -5.342698 .039257
13.800000 -5.342025 .022457
13.830000 -5.341869 .005193
13.860000 -5.342245 -.012520
13.890000 -5.343165 -.030671
13.920000 -5.344642 -.049244
13.950000 -5.346689 -.068226
13.980000 -5.349317 -.087602
14.010000 -5.352537 -.107357
14.040000 -5.356362 -.127477
14.070000 -5.360800 -.147945
14.100000 -5.365862 -.168745
14.130000 -5.371558 -.189861
14.160000 -5.377897 -.211276
14.190000 -5.384886 -.232973
14.220000 -5.392534 -.254933
14.250000 -5.400848 -.277139
14.280000 -5.409835 -.299572
14.310000 -5.419501 -.322211
14.340000 -5.429853 -.345039
14.370000 -5.440894 -.368033
14.400000 -5.452629 -.391173
14.430000 -5.465062 -.414438
14.460000 -5.478196 -.437806
14.490000 -5.492034 -.461254
14.520000 -5.506577 -.484758
14.550000 -5.521825 -.508296
14.580000 -5.537781 -.531843
14.610000 -5.554442 -.555375
14.640000 -5.571808 -.578865
14.670000 -5.589877 -.602290
14.700000 -5.608645 -.625621
14.730000 -5.628110 -.648833
14.760000 -5.648267 -.671900
14.790000 -5.669111 -.694792
14.820000 -5.690636 -.717484
14.850000 -5.712834 -.739948
14.880000 -5.735699 -.762155
14.910000 -5.759221 -.784077
14.940000 -5.783391 -.805686
14.970000 -5.808200 -.826955
15.000000 -5.833636 -.847855
15.030000 -5.859687 -.868359
15.060000 -5.886340 -.888439
15.090000 -5.913582 -.908069
15.120000 -5.941398 -.927221
15.150000 -5.969775 -.945871
15.180000 -5.998694 -.963992
15.210000 -6.028141 -.981560
15.240000 -6.058098 -.998553
15.270000 -6.088546 -1.014946
15.300000 -6.119468 -1.030720
15.330000 -6.150843 -1.045853
15.360000 -6.182653 -1.060328
15.390000 -6.214877 -1.074126
15.420000 -6.247494 -1.087231
15.450000 -6.280483 -1.099630
15.480000 -6.313822 -1.111309
15.510000 -6.347490 -1.122258
15.540000 -6.381464 -1.132467
15.570000 -6.415722 -1.141928
15.600000 -6.450241 -1.150636
15.630000 -6.484998 -1.158588
15.660000 -6.519972 -1.165781
15.690000 -6.555138 -1.172216
15.720000 -6.590475 -1.177895
15.750000 -6.625960 -1.182821
15.780000 -6.661570 -1.187001
15.810000 -6.697283 -1.190442
15.840000 -6.733078 -1.193153
15.870000 -6.768932 -1.195145
15.900000 -6.804825 -1.196432
15.930000 -6.840736 -1.197027
15.960000 -6.876644 -1.196947
15.990000 -6.912530 -1.196207
16.020000 -6.948375 -1.194828
16.050000 -6.984160 -1.192828
16.080000 -7.019867 -1.190229
16.110000 -7.055478 -1.187051
16.140000 -7.090978 -1.183317
16.170000 -7.126349 -1.179051
16.200000 -7.161578 -1.174277
16.230000 -7.196648 -1.169018
16.260000 -7.231547 -1.163299
16.290000 -7.266262 -1.157145
16.320000 -7.300779 -1.150582
16.350000 -7.335088 -1.143633
16.380000 -7.369178 -1.136325
16.410000 -7.403038 -1.128682
16.440000 -7.436660 -1.120728
16.470000 -7.470035 -1.112487
16.500000 -7.503154 -1.103983
16.530000 -7.536011 -1.095240
16.560000 -7.568600 -1.086280
16.590000 -7.600914 -1.077124
16.620000 -7.632947 -1.067795
16.650000 -7.664697 -1.058312
16.680000 -7.696158 -1.048695
16.710000 -7.727327 -1.038962
16.740000 -7.758200 -1.029133
16.770000 -7.788777 -1.019223
16.800000 -7.819055 -1.009248
16.830000 -7.849031 -.999225
16.860000 -7.878706 -.989167
16.890000 -7.908079 -.979087
16.920000 -7.937149 -.968999
16.950000 -7.965916 -.958912
16.980000 -7.994381 -.948838
17.010000 -8.022545 -.938787
17.040000 -8.050408 -.928766
17.070000 -8.077972 -.918784
17.100000 -8.105237 -.908847
17.130000 -8.132206 -.898962
17.160000 -8.158880 -.889134
17.190000 -8.185261 -.879368
17.220000 -8.211351 -.869667
17.250000 -8.237152 -.860033
17.280000 -8.262666 -.850470
17.310000 -8.287895 -.840979
17.340000 -8.312842 -.831561
17.370000 -8.337509 -.822216
17.400000 -8.361897 -.812944
17.430000 -8.386009 -.803743
17.460000 -8.409848 -.794614
17.490000 -8.433414 -.785553
17.520000 -8.456711 -.776559
17.550000 -8.479740 -.767628
17.580000 -8.502503 -.758758
17.610000 -8.525001 -.749944
17.640000 -8.547236 -.741183
17.670000 -8.569211 -.732471
17.700000 -8.590925 -.723803
17.730000 -8.612380 -.715173
17.760000 -8.633577 -.706577
17.790000 -8.654517 -.698009
17.820000 -8.675201 -.689464
17.850000 -8.695629 -.680935
17.880000 -8.715802 -.672416
17.910000 -8.735719 -.663902
17.940000 -8.755381 -.655385
17.970000 -8.774786 -.646859
18.000000 -8.793936 -.638318
18.030000 -8.812828 -.629753
18.060000 -8.831463 -.621159
18.090000 -8.849839 -.612529
18.120000 -8.867955 -.603855
18.150000 -8.885809 -.595129
18.180000 -8.903399 -.586346
18.210000 -8.920724 -.577497
18.240000 -8.937781 -.568575
18.270000 -8.954568 -.559573
18.300000 -8.971083 -.550484
18.330000 -8.987322 -.541299
18.360000 -9.003282 -.532012
18.390000 -9.018961 -.522616
18.420000 -9.034354 -.513103
18.450000 -9.049458 -.503465
18.480000 -9.064269 -.493696
18.510000 -9.078782 -.483788
18.540000 -9.092994 -.473734
18.570000 -9.106900 -.463526
18.600000 -9.120495 -.453159
18.630000 -9.133773 -.442624
18.660000 -9.146731 -.431914
18.690000 -9.159362 -.421023
18.720000 -9.171660 -.409944
18.750000 -9.183620 -.398670
18.780000 -9.195236 -.387193
18.810000 -9.206501 -.375509
18.840000 -9.217409 -.363609
18.870000 -9.227954 -.351488
18.900000 -9.238128 -.339138
18.930000 -9.247925 -.326555
18.960000 -9.257337 -.313730
18.990000 -9.266356 -.300658
19.020000 -9.274976 -.287334
19.050000 -9.283189 -.273750
19.080000 -9.290986 -.259902
19.110000 -9.298359 -.245782
19.140000 -9.305301 -.231386
19.170000 -9.311802 -.216707
19.200000 -9.317854 -.201740
19.230000 -9.323449 -.186479
19.260000 -9.328576 -.170919
19.290000 -9.333228 -.155054
19.320000 -9.337394 -.138879
19.350000 -9.341066 -.122389
19.380000 -9.344233 -.105578
19.410000 -9.346887 -.088440
19.440000 -9.349016 -.070972
19.470000 -9.350611 -.053167
19.500000 -9.351661 -.035020
19.530000 -9.352157 -.016527
19.560000 -9.352088 .002318
19.590000 -9.351442 .021520
19.620000 -9.350209 .041083
19.650000 -9.348379 .061014
19.680000 -9.345940 .081316
19.710000 -9.342880 .101996
19.740000 -9.339188 .123057
19.770000 -9.334853 .144506
19.800000 -9.329862 .166348
19.830000 -9.324205 .188586
19.860000 -9.317868 .211227
19.890000 -9.310840 .234276
19.920000 -9.303108 .257737
19.950000 -9.294659 .281617
19.980000 -9.285481 .305920
20.010000 -9.275562 .330651
20.040000 -9.264887 .355816
20.070000 -9.253445 .381419
20.100000 -9.241221 .407466
20.130000 -9.228202 .433962
20.160000 -9.214375 .460912
20.190000 -9.199725 .488320
20.220000 -9.184239 .516192
20.250000 -9.167903 .544533
20.280000 -9.150703 .573345
20.310000 -9.132624 .602634
20.340000 -9.113652 .632404
20.370000 -9.093772 .662657
20.400000 -9.072970 .693397
20.430000 -9.051232 .724625
20.460000 -9.028541 .756345
20.490000 -9.004884 .788558
20.520000 -8.980247 .821262
20.550000 -8.954613 .854459
20.580000 -8.927968 .888145
20.610000 -8.900299 .922320
20.640000 -8.871590 .956977
20.670000 -8.841826 .992113
20.700000 -8.810995 1.027719
20.730000 -8.779081 1.063786
20.760000 -8.746072 1.100304
20.790000 -8.711954 1.137260
20.820000 -8.676715 1.174636
20.850000 -8.640343 1.212415
20.880000 -8.602825 1.250576
20.910000 -8.564152 1.289094
20.940000 -8.524314 1.327942
20.970000 -8.483302 1.367088
21.000000 -8.441107 1.406496
21.030000 -8.397723 1.446128
21.060000 -8.353145 1.485940
21.090000 -8.307368 1.525883
21.120000 -8.260391 1.565905
21.150000 -8.212213 1.605948
21.180000 -8.162834 1.645949
21.210000 -8.112259 1.685840
21.240000 -8.060492 1.725548
21.270000 -8.007543 1.764994
21.300000 -7.953420 1.804095
21.330000 -7.898137 1.842762
21.360000 -7.841710 1.880901
21.390000 -7.784157 1.918414
21.420000 -7.725501 1.955198
21.450000 -7.665767 1.991147
21.480000 -7.604983 2.026150
21.510000 -7.543180 2.060094
21.540000 -7.480394 2.092866
21.570000 -7.416663 2.124347
21.600000 -7.352031 2.154422
21.630000 -7.286541 2.182975
21.660000 -7.220245 2.209891
21.690000 -7.153193 2.235057
21.720000 -7.085442 2.258366
21.750000 -7.017051 2.279715
21.780000 -6.948080 2.299005
21.810000 -6.878596 2.316148
21.840000 -6.808664 2.331061
21.870000 -6.738354 2.343671
21.900000 -6.667737 2.353917
21.930000 -6.596884 2.361747
21.960000 -6.525870 2.367122
21.990000 -6.454770 2.370015
22.020000 -6.383658 2.370412
22.050000 -6.312608 2.368312
22.080000 -6.241696 2.363727
22.110000 -6.170996 2.356681
22.140000 -6.100580 2.347212
22.170000 -6.030519 2.335371
22.200000 -5.960882 2.321218
22.230000 -5.891737 2.304825
22.260000 -5.823149 2.286275
22.290000 -5.755179 2.265660
22.320000 -5.687887 2.243076
22.350000 -5.621328 2.218631
22.380000 -5.555555 2.192435
22.410000 -5.490617 2.164604
22.440000 -5.426559 2.135255
22.470000 -5.363424 2.104510
22.500000 -5.301249 2.072489
22.530000 -5.240070 2.039313
22.560000 -5.179917 2.005102
22.590000 -5.120818 1.969973
22.620000 -5.062796 1.934041
22.650000 -5.005874 1.897417
22.680000 -4.950068 1.860206
22.710000 -4.895392 1.822512
22.740000 -4.841859 1.784429
22.770000 -4.789478 1.746050
22.800000 -4.738254 1.707458
22.830000 -4.688192 1.668734
22.860000 -4.639294 1.629951
22.890000 -4.591558 1.591174
22.920000 -4.544984 1.552466
22.950000 -4.499568 1.513881
22.980000 -4.455304 1.475469
23.010000 -4.412186 1.437272
23.040000 -4.370206 1.399330
23.070000 -4.329356 1.361676
23.100000 -4.289625 1.324337
23.130000 -4.251005 1.287337
23.160000 -4.213484 1.250695
23.190000 -4.177052 1.214427
23.220000 -4.141695 1.178544
23.250000 -4.107404 1.143053
23.280000 -4.074165 1.107958
23.310000 -4.041967 1.073263
23.340000 -4.010798 1.038964
23.370000 -3.980646 1.005059
23.400000 -3.951500 .971542
23.430000 -3.923348 .938405
23.460000 -3.896179 .905638
23.490000 -3.869982 .873230
23.520000 -3.844747 .841168
23.550000 -3.820464 .809438
23.580000 -3.797123 .778026
23.610000 -3.774716 .746915
23.640000 -3.753233 .716089
23.670000 -3.732667 .685530
23.700000 -3.713010 .655221
23.730000 -3.694256 .625143
23.760000 -3.676398 .595278
23.790000 -3.659430 .565606
23.820000 -3.643346 .536109
23.850000 -3.628143 .506768
23.880000 -3.613816 .477562
23.910000 -3.600362 .448474
23.940000 -3.587778 .419484
23.970000 -3.576060 .390573
24.000000 -3.565209 .361722
24.030000 -3.555221 .332913
24.060000 -3.546098 .304126
24.090000 -3.537837 .275344
24.120000 -3.530441 .246549
24.150000 -3.523909 .217722
24.180000 -3.518244 .188847
24.210000 -3.513447 .159906
24.240000 -3.509520 .130883
24.270000 -3.506467 .101760
24.300000 -3.504292 .072521
24.330000 -3.502997 .043151
24.360000 -3.502588 .013634
24.390000 -3.503069 -.016046
24.420000 -3.504447 -.045904
24.450000 -3.506725 -.075953
24.480000 -3.509911 -.106209
24.510000 -3.514012 -.136686
24.540000 -3.519034 -.167397
24.570000 -3.524985 -.198355
24.600000 -3.531872 -.229574
24.630000 -3.539704 -.261065
24.660000 -3.548489 -.292841
24.690000 -3.558236 -.324914
24.720000 -3.568955 -.357295
24.750000 -3.580655 -.389994
24.780000 -3.593346 -.423021
24.810000 -3.607037 -.456387
24.840000 -3.621740 -.490101
24.870000 -3.637465 -.524169
24.900000 -3.654224 -.558602
24.930000 -3.672026 -.593404
24.960000 -3.690883 -.628582
24.990000 -3.710807 -.664141
25.020000 -3.731810 -.700086
25.050000 -3.753902 -.736418
25.080000 -3.777097 -.773139
25.110000 -3.801404 -.810250
25.140000 -3.826837 -.847749
25.170000 -3.853406 -.885633
25.200000 -3.881122 -.923897
25.230000 -3.909999 -.962534
25.260000 -3.940045 -1.001536
25.290000 -3.971271 -1.040891
25.320000 -4.003689 -1.080584
25.350000 -4.037307 -1.120600
25.380000 -4.072134 -1.160919
25.410000 -4.108180 -1.201518
25.440000 -4.145451 -1.242370
25.470000 -4.183954 -1.283446
25.500000 -4.223696 -1.324713
25.530000 -4.264680 -1.366132
25.560000 -4.306910 -1.407662
25.590000 -4.350387 -1.449256
25.620000 -4.395113 -1.490864
25.650000 -4.441086 -1.532431
25.680000 -4.488303 -1.573894
25.710000 -4.536759 -1.615190
25.740000 -4.586446 -1.656247
25.770000 -4.637356 -1.696990
25.800000 -4.689476 -1.737339
25.830000 -4.742792 -1.777209
25.860000 -4.797288 -1.816510
25.890000 -4.852942 -1.855148
25.920000 -4.909733 -1.893025
25.950000 -4.967634 -1.930039
25.980000 -5.026616 -1.966086
26.010000 -5.086648 -2.001058
26.040000 -5.147694 -2.034847
26.070000 -5.209714 -2.067342
26.100000 -5.272667 -2.098434
26.130000 -5.336507 -2.128012
26.160000 -5.401186 -2.155969
26.190000 -5.466652 -2.182200
26.220000 -5.532850 -2.206604
26.250000 -5.599723 -2.229084
26.280000 -5.667209 -2.249550
26.310000 -5.735247 -2.267918
26.340000 -5.803770 -2.284112
26.370000 -5.872712 -2.298067
26.400000 -5.942004 -2.309726
26.430000 -6.011575 -2.319042
26.460000 -6.081355 -2.325982
26.490000 -6.151270 -2.330521
26.520000 -6.221250 -2.332650
26.550000 -6.291221 -2.332370
26.580000 -6.361112 -2.329696
26.610000 -6.430852 -2.324653
26.640000 -6.500370 -2.317280
26.670000 -6.569599 -2.307628
26.700000 -6.638472 -2.295758
26.730000 -6.706924 -2.281740
26.760000 -6.774893 -2.265656
26.790000 -6.842321 -2.247596
26.820000 -6.909151 -2.227655
26.850000 -6.975329 -2.205937
26.880000 -7.040806 -2.182551
26.910000 -7.105534 -2.157610
26.940000 -7.169471 -2.131228
26.970000 -7.232576 -2.103523
27.000000 -7.294815 -2.074614
27.030000 -7.356153 -2.044618
27.060000 -7.416563 -2.013654
27.090000 -7.476018 -1.981835
27.120000 -7.534496 -1.949274
27.150000 -7.591979 -1.916081
27.180000 -7.648449 -1.882359
27.210000 -7.703896 -1.848208
27.240000 -7.758307 -1.813726
27.270000 -7.811677 -1.779000
27.300000 -7.864001 -1.744116
27.330000 -7.915275 -1.709152
27.360000 -7.965501 -1.674181
27.390000 -8.014679 -1.639270
27.420000 -8.062813 -1.604481
27.450000 -8.109909 -1.569869
27.480000 -8.155974 -1.535483
27.510000 -8.201015 -1.501369
27.540000 -8.245042 -1.467565
27.570000 -8.288065 -1.434106
27.600000 -8.330096 -1.401021
27.630000 -8.371146 -1.368335
27.660000 -8.411228 -1.336069
27.690000 -8.450355 -1.304238
27.720000 -8.488541 -1.272857
27.750000 -8.525799 -1.241933
27.780000 -8.562143 -1.211474
27.810000 -8.597588 -1.181482
27.840000 -8.632146 -1.151958
27.870000 -8.665833 -1.122899
27.900000 -8.698662 -1.094302
27.930000 -8.730647 -1.066160
27.960000 -8.761801 -1.038465
27.990000 -8.792137 -1.011207
28.020000 -8.821669 -.984376
28.050000 -8.850407 -.957958
28.080000 -8.878365 -.931940
28.110000 -8.905555 -.906309
28.140000 -8.931986 -.881047
28.170000 -8.957670 -.856141
28.200000 -8.982618 -.831573
28.230000 -9.006837 -.807327
28.260000 -9.030339 -.783384
28.290000 -9.053131 -.759729
28.320000 -9.075221 -.736343
28.350000 -9.096617 -.713208
28.380000 -9.117326 -.690307
28.410000 -9.137355 -.667622
28.440000 -9.156709 -.645135
28.470000 -9.175394 -.622829
28.500000 -9.193415 -.600687
28.530000 -9.210775 -.578691
28.560000 -9.227480 -.556825
28.590000 -9.243532 -.535072
28.620000 -9.258935 -.513415
28.650000 -9.273690 -.491840
28.680000 -9.287800 -.470329
28.710000 -9.301266 -.448868
28.740000 -9.314089 -.427441
28.770000 -9.326270 -.406035
28.800000 -9.337809 -.384635
28.830000 -9.348706 -.363227
28.860000 -9.358960 -.341797
28.890000 -9.368570 -.320332
28.920000 -9.377534 -.298820
28.950000 -9.385852 -.277248
28.980000 -9.393520 -.255603
29.010000 -9.400536 -.233875
29.040000 -9.406898 -.212051
29.070000 -9.412601 -.190121
29.100000 -9.417644 -.168074
29.130000 -9.422021 -.145898
29.160000 -9.425728 -.123585
29.190000 -9.428762 -.101123
29.220000 -9.431117 -.078504
29.250000 -9.432788 -.055717
29.280000 -9.433771 -.032753
29.310000 -9.434059 -.009604
29.340000 -9.433647 .013739
29.370000 -9.432528 .037287
29.400000 -9.430697 .061045
29.430000 -9.428146 .085025
29.460000 -9.424869 .109232
29.490000 -9.420859 .133676
29.520000 -9.416108 .158365
29.550000 -9.410609 .183306
29.580000 -9.404354 .208508
29.610000 -9.397334 .233978
29.640000 -9.389543 .259723
29.670000 -9.380970 .285752
29.700000 -9.371608 .312072
29.730000 -9.361447 .338690
29.760000 -9.350479 .365614
29.790000 -9.338693 .392851
29.820000 -9.326081 .420409
29.850000 -9.312632 .448294
29.880000 -9.298337 .476514
29.910000 -9.283184 .505075
29.940000 -9.267165 .533985
29.970000 -9.250267 .563249
30.000000 -9.232481 .592876
30.030000 -9.213795 .622869
30.060000 -9.194198 .653236
30.090000 -9.173679 .683981
30.120000 -9.152225 .715111
30.150000 -9.129826 .746628
30.180000 -9.106470 .778538
30.210000 -9.082145 .810843
30.240000 -9.056839 .843546
30.270000 -9.030539 .876649
30.300000 -9.003235 .910152
30.330000 -8.974913 .944055
30.360000 -8.945562 .978355
30.390000 -8.915171 1.013051
30.420000 -8.883727 1.048136
30.450000 -8.851219 1.083605
30.480000 -8.817635 1.119448
30.510000 -8.782965 1.155656
30.540000 -8.747199 1.192215
30.570000 -8.710326 1.229110
30.600000 -8.672336 1.266322
30.630000 -8.633221 1.303830
30.660000 -8.592973 1.341609
30.690000 -8.551584 1.379631
30.720000 -8.509048 1.417864
30.750000 -8.465360 1.456272
30.780000 -8.420515 1.494815
30.810000 -8.374512 1.533448
30.840000 -8.327348 1.572123
30.870000 -8.279025 1.610784
30.900000 -8.229543 1.649374
30.930000 -8.178909 1.687827
30.960000 -8.127126 1.726075
30.990000 -8.074205 1.764043
31.020000 -8.020156 1.801651
31.050000 -7.964991 1.838815
31.080000 -7.908728 1.875444
31.110000 -7.851385 1.911444
31.140000 -7.792983 1.946715
31.170000 -7.733548 1.981155
31.200000 -7.673109 2.014657
31.230000 -7.611695 2.047111
31.260000 -7.549343 2.078405
31.290000 -7.486090 2.108424
31.320000 -7.421979 2.137054
31.350000 -7.357053 2.164179
31.380000 -7.291363 2.189687
31.410000 -7.224959 2.213466
31.440000 -7.157897 2.235406
31.470000 -7.090235 2.255403
31.500000 -7.022034 2.273359
31.530000 -6.953358 2.289181
31.560000 -6.884275 2.302784
31.590000 -6.814852 2.314092
31.620000 -6.745161 2.323037
31.650000 -6.675274 2.329563
31.680000 -6.605265 2.333626
31.710000 -6.535210 2.335191
31.740000 -6.465182 2.334238
31.770000 -6.395260 2.330757
31.800000 -6.325517 2.324753
31.830000 -6.256030 2.316241
31.860000 -6.186872 2.305252
31.890000 -6.118118 2.291827
31.920000 -6.049837 2.276017
31.950000 -5.982100 2.257887
31.980000 -5.914975 2.237510
32.010000 -5.848526 2.214969
32.040000 -5.782816 2.190354
32.070000 -5.717903 2.163763
32.100000 -5.653844 2.135300
32.130000 -5.590691 2.105074
32.160000 -5.528496 2.073196
32.190000 -5.467302 2.039781
32.220000 -5.407154 2.004945
32.250000 -5.348090 1.968803
32.280000 -5.290145 1.931472
32.310000 -5.233354 1.893066
32.340000 -5.177743 1.853694
32.370000 -5.123339 1.813467
32.400000 -5.070164 1.772488
32.430000 -5.018238 1.730857
32.460000 -4.967578 1.688669
32.490000 -4.918198 1.646015
32.520000 -4.870108 1.602980
32.550000 -4.823319 1.559641
32.580000 -4.777837 1.516073
32.610000 -4.733667 1.472343
32.640000 -4.690811 1.428512
32.670000 -4.649272 1.384636
32.700000 -4.609049 1.340766
32.730000 -4.570141 1.296946
32.760000 -4.532544 1.253216
32.790000 -4.496256 1.209609
32.820000 -4.461271 1.166156
32.850000 -4.427585 1.122881
32.880000 -4.395191 1.079806
32.910000 -4.364082 1.036946
32.940000 -4.334253 .994314
32.970000 -4.305695 .951920
33.000000 -4.278402 .909770
33.030000 -4.252366 .867866
33.060000 -4.227580 .826209
33.090000 -4.204036 .784796
33.120000 -4.181727 .743623
33.150000 -4.160647 .702684
33.180000 -4.140788 .661969
33.210000 -4.122144 .621470
33.240000 -4.104709 .581174
33.270000 -4.088477 .541069
33.300000 -4.073442 .501140
33.330000 -4.059601 .461375
33.360000 -4.046948 .421756
33.390000 -4.035480 .382268
33.420000 -4.025194 .342894
33.450000 -4.016085 .303617
33.480000 -4.008152 .264419
33.510000 -4.001394 .225284
33.540000 -3.995808 .186194
33.570000 -3.991394 .147131
33.600000 -3.988152 .108078
33.630000 -3.986081 .069017
33.660000 -3.985183 .029931
33.690000 -3.985459 -.009196
33.720000 -3.986911 -.048381
33.750000 -3.989540 -.087639
33.780000 -3.993350 -.126986
33.810000 -3.998343 -.166435
33.840000 -4.004523 -.206002
33.870000 -4.011894 -.245699
33.900000 -4.020460 -.285539
33.930000 -4.030226 -.325532
33.960000 -4.041196 -.365689
33.990000 -4.053377 -.406019
34.020000 -4.066773 -.446531
34.050000 -4.081390 -.487229
34.080000 -4.097233 -.528120
34.110000 -4.114310 -.569208
34.140000 -4.132624 -.610493
34.170000 -4.152184 -.651977
34.200000 -4.172993 -.693658
34.230000 -4.195059 -.735531
34.260000 -4.218387 -.777591
34.290000 -4.242982 -.819830
34.320000 -4.268849 -.862236
34.350000 -4.295993 -.904796
34.380000 -4.324418 -.947495
34.410000 -4.354127 -.990311
34.440000 -4.385124 -1.033224
34.470000 -4.417410 -1.076208
34.500000 -4.450987 -1.119233
34.530000 -4.485855 -1.162267
34.560000 -4.522013 -1.205273
34.590000 -4.559460 -1.248211
34.620000 -4.598191 -1.291037
34.650000 -4.638202 -1.333703
34.680000 -4.679487 -1.376156
34.710000 -4.722037 -1.418340
34.740000 -4.765843 -1.460195
34.770000 -4.810892 -1.501655
34.800000 -4.857172 -1.542652
34.830000 -4.904665 -1.583114
34.860000 -4.953354 -1.622965
34.890000 -5.003218 -1.662125
34.920000 -5.054233 -1.700512
34.950000 -5.106375 -1.738041
34.980000 -5.159613 -1.774623
35.010000 -5.213918 -1.810170
35.040000 -5.269256 -1.844591
35.070000 -5.325590 -1.877796
35.100000 -5.382881 -1.909692
35.130000 -5.441086 -1.940190
35.160000 -5.500163 -1.969201
35.190000 -5.560062 -1.996639
35.220000 -5.620734 -2.022421
35.250000 -5.682128 -2.046467
35.280000 -5.744189 -2.068704
35.310000 -5.806861 -2.089063
35.340000 -5.870086 -2.107482
35.370000 -5.933803 -2.123907
35.400000 -5.997952 -2.138292
35.430000 -6.062470 -2.150599
35.460000 -6.127294 -2.160798
35.490000 -6.192360 -2.168871
35.520000 -6.257604 -2.174808
35.550000 -6.322962 -2.178611
35.580000 -6.388371 -2.180290
35.610000 -6.453767 -2.179867
35.640000 -6.519088 -2.177372
35.670000 -6.584274 -2.172848
35.700000 -6.649264 -2.166343
35.730000 -6.714001 -2.157917
35.760000 -6.778431 -2.147637
35.790000 -6.842498 -2.135578
35.820000 -6.906152 -2.121821
35.850000 -6.969346 -2.106452
35.880000 -7.032033 -2.089565
35.910000 -7.094171 -2.071256
35.940000 -7.155719 -2.051623
35.970000 -7.216642 -2.030770
36.000000 -7.276906 -2.008799
36.030000 -7.336481 -1.985814
36.060000 -7.395338 -1.961919
36.090000 -7.453455 -1.937217
36.120000 -7.510809 -1.911809
36.150000 -7.567383 -1.885795
36.180000 -7.623161 -1.859270
36.210000 -7.678131 -1.832327
36.240000 -7.732283 -1.805057
36.270000 -7.785609 -1.777543
36.300000 -7.838105 -1.749867
36.330000 -7.889768 -1.722106
36.360000 -7.940598 -1.694330
36.390000 -7.990596 -1.666607
36.420000 -8.039766 -1.638998
36.450000 -8.088113 -1.611561
36.480000 -8.135644 -1.584349
36.510000 -8.182366 -1.557408
36.540000 -8.228289 -1.530781
36.570000 -8.273424 -1.504508
36.600000 -8.317783 -1.478622
36.630000 -8.361378 -1.453152
36.660000 -8.404221 -1.428126
36.690000 -8.446328 -1.403565
36.720000 -8.487713 -1.379488
36.750000 -8.528390 -1.355910
36.780000 -8.568376 -1.332843
36.810000 -8.607684 -1.310296
36.840000 -8.646333 -1.288277
36.870000 -8.684336 -1.266788
36.900000 -8.721711 -1.245832
36.930000 -8.758474 -1.225408
36.960000 -8.794639 -1.205514
36.990000 -8.830223 -1.186146
37.020000 -8.865242 -1.167297
37.050000 -8.899711 -1.148961
37.080000 -8.933645 -1.131128
37.110000 -8.967059 -1.113791
37.140000 -8.999967 -1.096937
37.170000 -9.032383 -1.080555
37.200000 -9.064322 -1.064634
37.230000 -9.095797 -1.049159
37.260000 -9.126821 -1.034118
37.290000 -9.157406 -1.019497
37.320000 -9.187564 -1.005281
37.350000 -9.217308 -.991455
37.380000 -9.246648 -.978005
37.410000 -9.275595 -.964915
37.440000 -9.304160 -.952170
37.470000 -9.332353 -.939755
37.500000 -9.360183 -.927654
37.530000 -9.387658 -.915853
37.560000 -9.414788 -.904336
37.590000 -9.441581 -.893088
37.620000 -9.468044 -.882093
37.650000 -9.494184 -.871338
37.680000 -9.520008 -.860807
37.710000 -9.545523 -.850486
37.740000 -9.570734 -.840361
37.770000 -9.595646 -.830418
37.800000 -9.620265 -.820644
37.830000 -9.644596 -.811024
37.860000 -9.668643 -.801546
37.890000 -9.692408 -.792198
37.920000 -9.715897 -.782966
37.950000 -9.739113 -.773839
37.980000 -9.762057 -.764805
38.010000 -9.784732 -.755852
38.040000 -9.807141 -.746970
38.070000 -9.829286 -.738148
38.100000 -9.851167 -.729376
38.130000 -9.872786 -.720643
38.160000 -9.894145 -.711941
38.190000 -9.915242 -.703259
38.220000 -9.936080 -.694590
38.250000 -9.956658 -.685924
38.280000 -9.976976 -.677254
38.310000 -9.997033 -.668573
38.340000 -10.016829 -.659873
38.370000 -10.036363 -.651147
38.400000 -10.055635 -.642389
38.430000 -10.074643 -.633593
38.460000 -10.093385 -.624753
38.490000 -10.111861 -.615864
38.520000 -10.130069 -.606922
38.550000 -10.148007 -.597923
38.580000 -10.165672 -.588861
38.610000 -10.183064 -.579734
38.640000 -10.200181 -.570539
38.670000 -10.217019 -.561273
38.700000 -10.233577 -.551934
38.730000 -10.249852 -.542520
38.760000 -10.265843 -.533029
38.790000 -10.281547 -.523460
38.820000 -10.296962 -.513813
38.850000 -10.312084 -.504088
38.880000 -10.326913 -.494285
38.910000 -10.341445 -.484404
38.940000 -10.355678 -.474447
38.970000 -10.369611 -.464414
39.000000 -10.383240 -.454307
39.030000 -10.396564 -.444130
39.060000 -10.409580 -.433883
39.090000 -10.422287 -.423571
39.120000 -10.434683 -.413195
39.150000 -10.446766 -.402761
39.180000 -10.458534 -.392271
39.210000 -10.469986 -.381731
39.240000 -10.481120 -.371144
39.270000 -10.491936 -.360515
39.300000 -10.502431 -.349851
39.330000 -10.512606 -.339156
39.360000 -10.522459 -.328436
39.390000 -10.531990 -.317697
39.420000 -10.541198 -.306946
39.450000 -10.550084 -.296190
39.480000 -10.558647 -.285435
39.510000 -10.566888 -.274687
39.540000 -10.574807 -.263956
39.570000 -10.582404 -.253248
39.600000 -10.589681 -.242570
39.630000 -10.596639 -.231932
39.660000 -10.603279 -.221340
39.690000 -10.609603 -.210803
39.720000 -10.615613 -.200330
39.750000 -10.621311 -.189928
39.780000 -10.626699 -.179607
39.810000 -10.631781 -.169376
39.840000 -10.636558 -.159242
39.870000 -10.641034 -.149215
39.900000 -10.645213 -.139304
39.930000 -10.649099 -.129517
39.960000 -10.652695 -.119864
39.990000 -10.656005 -.110354
40.020000 -10.659035 -.100996
40.050000 -10.661789 -.091798
40.080000 -10.664272 -.082770
40.110000 -10.666490 -.073921
40.140000 -10.668448 -.065260
40.170000 -10.670152 -.056795
40.200000 -10.671608 -.048536
40.230000 -10.672822 -.040491
40.260000 -10.673803 -.032670
40.290000 -10.674555 -.025080
40.320000 -10.675087 -.017730
40.350000 -10.675406 -.010629
40.380000 -10.675519 -.003785
40.410000 -10.675435 .002793
40.440000 -10.675163 .009098
40.470000 -10.674709 .015121
40.500000 -10.674083 .020855
40.530000 -10.673294 .026292
40.560000 -10.672352 .031423
40.590000 -10.671265 .036242
40.620000 -10.670042 .040742
40.650000 -10.668695 .044914
40.680000 -10.667232 .048751
40.710000 -10.665665 .052248
40.740000 -10.664003 .055396
40.770000 -10.662257 .058190
40.800000 -10.660439 .060622
40.830000 -10.658558 .062686
40.860000 -10.656627 .064376
40.890000 -10.654656 .065686
40.920000 -10.652658 .066610
40.950000 -10.650644 .067141
40.980000 -10.648625 .067274
41.010000 -10.646615 .067004
41.040000 -10.644626 .066325
41.070000 -10.642669 .065231
41.100000 -10.640757 .063718
41.130000 -10.638904 .061779
41.160000 -10.637121 .059411
41.190000 -10.635423 .056609
41.220000 -10.633822 .053366
41.250000 -10.632332 .049680
41.280000 -10.630965 .045545
41.310000 -10.629737 .040958
41.340000 -10.628659 .035913
41.370000 -10.627747 .030406
41.400000 -10.627014 .024435
41.430000 -10.626474 .017993
41.460000 -10.626142 .011079
41.490000 -10.626031 .003688
41.520000 -10.626157 -.004184
41.550000 -10.626533 -.012539
41.580000 -10.627174 -.021382
41.610000 -10.628096 -.030715
41.640000 -10.629312 -.040541
41.670000 -10.630838 -.050863
41.700000 -10.632688 -.061683
41.730000 -10.634879 -.073005
41.760000 -10.637423 -.084831
41.790000 -10.640338 -.097162
41.820000 -10.643638 -.110000
41.850000 -10.647339 -.123348
41.880000 -10.651455 -.137206
41.910000 -10.656002 -.151577
41.940000 -10.660996 -.166459
41.970000 -10.666452 -.181855
42.000000 -10.672385 -.197764
42.030000 -10.678810 -.214187
42.060000 -10.685744 -.231123
42.090000 -10.693201 -.248570
42.120000 -10.701197 -.266529
42.150000 -10.709747 -.284996
42.180000 -10.718866 -.303970
42.210000 -10.728569 -.323448
42.240000 -10.738872 -.343426
42.270000 -10.749789 -.363901
42.300000 -10.761335 -.384867
42.330000 -10.773525 -.406320
42.360000 -10.786372 -.428252
42.390000 -10.799892 -.450659
42.420000 -10.814098 -.473530
42.450000 -10.829004 -.496858
42.480000 -10.844623 -.520634
42.510000 -10.860968 -.544845
42.540000 -10.878053 -.569481
42.570000 -10.895888 -.594529
42.600000 -10.914488 -.619974
42.630000 -10.933862 -.645802
42.660000 -10.954021 -.671994
42.690000 -10.974978 -.698534
42.720000 -10.996740 -.725402
42.750000 -11.019317 -.752576
42.780000 -11.042718 -.780034
42.810000 -11.066950 -.807752
42.840000 -11.092022 -.835704
42.870000 -11.117937 -.863862
42.900000 -11.144703 -.892198
42.930000 -11.172324 -.920680
42.960000 -11.200802 -.949275
42.990000 -11.230140 -.977948
43.020000 -11.260340 -1.006664
43.050000 -11.291402 -1.035384
43.080000 -11.323324 -1.064069
43.110000 -11.356104 -1.092675
43.140000 -11.389739 -1.121161
43.170000 -11.424224 -1.149481
43.200000 -11.459551 -1.177589
43.230000 -11.495714 -1.205437
43.260000 -11.532704 -1.232977
43.290000 -11.570508 -1.260157
43.320000 -11.609116 -1.286926
43.350000 -11.648513 -1.313234
43.380000 -11.688684 -1.339027
43.410000 -11.729611 -1.364252
43.440000 -11.771277 -1.388857
43.470000 -11.813661 -1.412790
43.500000 -11.856741 -1.435997
43.530000 -11.900494 -1.458429
43.560000 -11.944895 -1.480033
43.590000 -11.989918 -1.500762
43.620000 -12.035535 -1.520569
43.650000 -12.081717 -1.539408
43.680000 -12.128434 -1.557237
43.710000 -12.175654 -1.574016
43.740000 -12.223346 -1.589707
43.770000 -12.271474 -1.604278
43.800000 -12.320005 -1.617698
43.830000 -12.368903 -1.629940
43.860000 -12.418133 -1.640984
43.890000 -12.467657 -1.650811
43.920000 -12.517439 -1.659409
43.950000 -12.567442 -1.666767
43.980000 -12.617629 -1.672883
44.010000 -12.667961 -1.677756
44.040000 -12.718403 -1.681394
44.070000 -12.768917 -1.683805
44.100000 -12.819467 -1.685005
44.130000 -12.870018 -1.685013
44.160000 -12.920533 -1.683854
44.190000 -12.970980 -1.681555
44.220000 -13.021325 -1.678148
44.250000 -13.071535 -1.673671
44.280000 -13.121580 -1.668161
44.310000 -13.171429 -1.661662
44.340000 -13.221056 -1.654219
44.370000 -13.270432 -1.645881
44.400000 -13.319533 -1.636697
44.430000 -13.368335 -1.626719
44.460000 -13.416815 -1.616002
44.490000 -13.464953 -1.604600
44.520000 -13.512730 -1.592568
44.550000 -13.560129 -1.579962
44.580000 -13.607134 -1.566839
44.610000 -13.653732 -1.553253
44.640000 -13.699909 -1.539262
44.670000 -13.745657 -1.524919
44.700000 -13.790965 -1.510279
44.730000 -13.835827 -1.495393
44.760000 -13.880237 -1.480314
44.790000 -13.924189 -1.465090
44.820000 -13.967682 -1.449769
44.850000 -14.010714 -1.434399
44.880000 -14.053285 -1.419021
44.910000 -14.095395 -1.403680
44.940000 -14.137048 -1.388413
44.970000 -14.178246 -1.373260
45.000000 -14.218993 -1.358256
45.030000 -14.259296 -1.343433
45.060000 -14.299161 -1.328824
45.090000 -14.338595 -1.314456
45.120000 -14.377605 -1.300358
45.150000 -14.416202 -1.286552
45.180000 -14.454394 -1.273063
45.210000 -14.492191 -1.259910
45.240000 -14.529605 -1.247113
45.270000 -14.566645 -1.234687
45.300000 -14.603325 -1.222648
45.330000 -14.639655 -1.211009
45.360000 -14.675648 -1.199782
45.390000 -14.711318 -1.188977
45.420000 -14.746676 -1.178602
45.450000 -14.781736 -1.168664
45.480000 -14.816511 -1.159170
45.510000 -14.851014 -1.150124
45.540000 -14.885260 -1.141530
45.570000 -14.919262 -1.133389
45.600000 -14.953033 -1.125704
45.630000 -14.986587 -1.118475
45.660000 -15.019938 -1.111701
45.690000 -15.053100 -1.105382
45.720000 -15.086085 -1.099515
45.750000 -15.118908 -1.094098
45.780000 -15.151582 -1.089128
45.810000 -15.184120 -1.084600
45.840000 -15.216535 -1.080511
45.870000 -15.248841 -1.076856
45.900000 -15.281050 -1.073629
45.930000 -15.313175 -1.070825
45.960000 -15.345228 -1.068438
45.990000 -15.377222 -1.066461
46.020000 -15.409168 -1.064888
46.050000 -15.441080 -1.063711
46.080000 -15.472967 -1.062923
46.110000 -15.504843 -1.062516
46.140000 -15.536717 -1.062483
46.170000 -15.568602 -1.062815
46.200000 -15.600507 -1.063503
46.230000 -15.632443 -1.064539
46.260000 -15.664420 -1.065913
46.290000 -15.696449 -1.067617
46.320000 -15.728538 -1.069640
46.350000 -15.760697 -1.071973
46.380000 -15.792935 -1.074605
46.410000 -15.825261 -1.077526
46.440000 -15.857683 -1.080725
46.470000 -15.890209 -1.084190
46.500000 -15.922846 -1.087909
46.530000 -15.955602 -1.091872
46.560000 -15.988484 -1.096064
46.590000 -16.021498 -1.100473
46.620000 -16.054651 -1.105086
46.650000 -16.087947 -1.109888
46.680000 -16.121393 -1.114866
46.710000 -16.154994 -1.120003
46.740000 -16.188752 -1.125285
46.770000 -16.222673 -1.130695
46.800000 -16.256759 -1.136216
46.830000 -16.291014 -1.141831
46.860000 -16.325440 -1.147521
46.890000 -16.360038 -1.153268
46.920000 -16.394810 -1.159053
46.950000 -16.429755 -1.164854
46.980000 -16.464875 -1.170651
47.010000 -16.500167 -1.176423
47.040000 -16.535632 -1.182146
47.070000 -16.571266 -1.187797
47.100000 -16.607066 -1.193353
47.130000 -16.643030 -1.198789
47.160000 -16.679152 -1.204080
47.190000 -16.715428 -1.209200
47.220000 -16.751852 -1.214121
47.250000 -16.788416 -1.218817
47.280000 -16.825114 -1.223260
47.310000 -16.861937 -1.227422
47.340000 -16.898875 -1.231273
47.370000 -16.935919 -1.234785
47.400000 -16.973057 -1.237928
47.430000 -17.010277 -1.240672
47.460000 -17.047566 -1.242988
47.490000 -17.084912 -1.244845
47.520000 -17.122298 -1.246214
47.550000 -17.159710 -1.247065
47.580000 -17.197131 -1.247368
47.610000 -17.234544 -1.247094
47.640000 -17.271930 -1.246215
47.670000 -17.309271 -1.244702
47.700000 -17.346547 -1.242528
47.730000 -17.383737 -1.239667
47.760000 -17.420820 -1.236094
47.790000 -17.457774 -1.231784
47.820000 -17.494575 -1.226714
47.850000 -17.531201 -1.220864
47.880000 -17.567627 -1.214212
47.910000 -17.603830 -1.206741
47.940000 -17.639783 -1.198434
47.970000 -17.675461 -1.189277
48.000000 -17.710839 -1.179257
48.030000 -17.745889 -1.168363
48.060000 -17.780587 -1.156587
48.090000 -17.814905 -1.143923
48.120000 -17.848816 -1.130367
48.150000 -17.882293 -1.115917
48.180000 -17.915310 -1.100574
48.210000 -17.947841 -1.084342
48.240000 -17.979858 -1.067226
48.270000 -18.011335 -1.049235
48.300000 -18.042246 -1.030378
48.330000 -18.072566 -1.010668
48.360000 -18.102270 -.990121
48.390000 -18.131332 -.968754
48.420000 -18.159730 -.946587
48.450000 -18.187439 -.923640
48.480000 -18.214437 -.899938
48.510000 -18.240702 -.875507
48.540000 -18.266214 -.850374
48.570000 -18.290951 -.824568
48.600000 -18.314894 -.798120
48.630000 -18.338026 -.771063
48.660000 -18.360329 -.743430
48.690000 -18.381787 -.715257
48.720000 -18.402384 -.686578
48.750000 -18.422107 -.657433
48.780000 -18.440943 -.627858
48.810000 -18.458880 -.597893
48.840000 -18.475907 -.567577
48.870000 -18.492016 -.536951
48.900000 -18.507197 -.506055
48.930000 -18.521445 -.474929
48.960000 -18.534753 -.443615
48.990000 -18.547118 -.412154
49.020000 -18.558536 -.380587
49.050000 -18.569004 -.348956
49.080000 -18.578523 -.317301
49.110000 -18.587093 -.285664
49.140000 -18.594716 -.254084
49.170000 -18.601394 -.222602
49.200000 -18.607132 -.191257
49.230000 -18.611934 -.160089
49.260000 -18.615808 -.129136
49.290000 -18.618761 -.098437
49.320000 -18.620802 -.068027
49.350000 -18.621941 -.037945
49.380000 -18.622187 -.008226
49.410000 -18.621555 .021096
49.440000 -18.620055 .049986
49.470000 -18.617703 .078410
49.500000 -18.614513 .106338
49.530000 -18.610500 .133736
49.560000 -18.605683 .160575
49.590000 -18.600078 .186826
49.620000 -18.593705 .212460
49.650000 -18.586581 .237451
49.680000 -18.578728 .261771
49.710000 -18.570166 .285397
49.740000 -18.560917 .308303
49.770000 -18.551003 .330469
49.800000 -18.540447 .351872
49.830000 -18.529272 .372493
49.860000 -18.517503 .392312
49.890000 -18.505163 .411312
49.920000 -18.492279 .429476
49.950000 -18.478875 .446790
49.980000 -18.464978 .463240
50.010000 -18.450614 .478813
50.040000 -18.435809 .493498
50.070000 -18.420590 .507286
50.100000 -18.404985 .520168
50.130000 -18.389021 .532137
50.160000 -18.372725 .543187
50.190000 -18.356126 .553313
50.220000 -18.339251 .562512
50.250000 -18.322127 .570782
50.280000 -18.304784 .578122
50.310000 -18.287248 .584533
50.340000 -18.269547 .590015
50.370000 -18.251710 .594572
50.400000 -18.233764 .598207
50.430000 -18.215736 .600925
50.460000 -18.197654 .602732
50.490000 -18.179545 .603634
50.520000 -18.161436 .603639
50.550000 -18.143353 .602756
50.580000 -18.125323 .600994
50.610000 -18.107372 .598362
50.640000 -18.089526 .594872
50.670000 -18.071810 .590536
50.700000 -18.054249 .585364
50.730000 -18.036868 .579369
50.760000 -18.019691 .572565
50.790000 -18.002742 .564965
50.820000 -17.986045 .556582
50.850000 -17.969622 .547431
50.880000 -17.953496 .537526
50.910000 -17.937690 .526882
50.940000 -17.922224 .515512
50.970000 -17.907121 .503433
51.000000 -17.892402 .490659
51.030000 -17.878085 .477205
51.060000 -17.864193 .463085
51.090000 -17.850743 .448316
51.120000 -17.837756 .432911
51.150000 -17.825250 .416885
51.180000 -17.813242 .400255
51.210000 -17.801751 .383033
51.240000 -17.790794 .365234
51.270000 -17.780388 .346873
51.300000 -17.770549 .327964
51.330000 -17.761293 .308521
51.360000 -17.752636 .288558
51.390000 -17.744594 .268089
51.420000 -17.737180 .247127
51.450000 -17.730409 .225687
51.480000 -17.724296 .203780
51.510000 -17.718853 .181421
51.540000 -17.714095 .158623
51.570000 -17.710033 .135399
51.600000 -17.706680 .111762
51.630000 -17.704048 .087726
51.660000 -17.702149 .063303
51.690000 -17.700994 .038508
51.720000 -17.700593 .013353
51.750000 -17.700957 -.012148
51.780000 -17.702097 -.037981
51.810000 -17.704021 -.064133
51.840000 -17.706739 -.090588
51.870000 -17.710259 -.117332
51.900000 -17.714589 -.144352
51.930000 -17.719738 -.171630
51.960000 -17.725712 -.199151
51.990000 -17.732519 -.226900
52.020000 -17.740165 -.254859
52.050000 -17.748656 -.283011
52.080000 -17.757996 -.311338
52.110000 -17.768190 -.339821
52.140000 -17.779244 -.368441
52.170000 -17.791159 -.397179
52.200000 -17.803939 -.426012
52.230000 -17.817587 -.454920
52.260000 -17.832103 -.483880
52.290000 -17.847489 -.512869
52.320000 -17.863745 -.541863
52.350000 -17.880870 -.570836
52.380000 -17.898863 -.599763
52.410000 -17.917722 -.628617
52.440000 -17.937443 -.657371
52.470000 -17.958023 -.685995
52.500000 -17.979457 -.714461
52.530000 -18.001739 -.742738
52.560000 -18.024863 -.770795
52.590000 -18.048821 -.798601
52.620000 -18.073604 -.826123
52.650000 -18.099204 -.853329
52.680000 -18.125610 -.880184
52.710000 -18.152809 -.906655
52.740000 -18.180791 -.932708
52.770000 -18.209540 -.958308
52.800000 -18.239042 -.983420
52.830000 -18.269283 -1.008010
52.860000 -18.300244 -1.032043
52.890000 -18.331909 -1.055486
52.920000 -18.364258 -1.078303
52.950000 -18.397272 -1.100463
52.980000 -18.430929 -1.121933
53.010000 -18.465210 -1.142680
53.040000 -18.500090 -1.162676
53.070000 -18.535547 -1.181890
53.100000 -18.571556 -1.200294
53.130000 -18.608092 -1.217863
53.160000 -18.645129 -1.234573
53.190000 -18.682641 -1.250399
53.220000 -18.720600 -1.265323
53.250000 -18.758980 -1.279326
53.280000 -18.797752 -1.292392
53.310000 -18.836887 -1.304507
53.340000 -18.876357 -1.315660
53.370000 -18.916132 -1.325844
53.400000 -18.956184 -1.335052
53.430000 -18.996482 -1.343282
53.460000 -19.036998 -1.350533
53.490000 -19.077703 -1.356809
53.520000 -19.118566 -1.362114
53.550000 -19.159560 -1.366457
53.580000 -19.200655 -1.369849
53.610000 -19.241824 -1.372303
53.640000 -19.283039 -1.373835
53.670000 -19.324273 -1.374465
53.700000 -19.365500 -1.374212
53.730000 -19.406693 -1.373101
53.760000 -19.447827 -1.371156
53.790000 -19.488879 -1.368404
53.820000 -19.529826 -1.364874
53.850000 -19.570644 -1.360597
53.880000 -19.611312 -1.355603
53.910000 -19.651810 -1.349927
53.940000 -19.692118 -1.343602
53.970000 -19.732217 -1.336662
54.000000 -19.772092 -1.329143
54.030000 -19.811724 -1.321081
54.060000 -19.851100 -1.312511
54.090000 -19.890204 -1.303471
54.120000 -19.929023 -1.293995
54.150000 -19.967547 -1.284119
54.180000 -20.005763 -1.273879
54.210000 -20.043663 -1.263310
54.240000 -20.081236 -1.252446
54.270000 -20.118476 -1.241320
54.300000 -20.155375 -1.229964
54.330000 -20.191927 -1.218410
54.360000 -20.228128 -1.206689
54.390000 -20.263972 -1.194830
54.420000 -20.299458 -1.182860
54.450000 -20.334582 -1.170807
54.480000 -20.369343 -1.158696
54.510000 -20.403740 -1.146551
54.540000 -20.437772 -1.134395
54.570000 -20.471439 -1.122249
54.600000 -20.504743 -1.110134
54.630000 -20.537685 -1.098068
54.660000 -20.570267 -1.086069
54.690000 -20.602492 -1.074152
54.720000 -20.634362 -1.062333
54.750000 -20.665881 -1.050624
54.780000 -20.697052 -1.039038
54.810000 -20.727879 -1.027586
54.840000 -20.758368 -1.016277
54.870000 -20.788521 -1.005120
54.900000 -20.818345 -.994122
54.930000 -20.847844 -.983291
54.960000 -20.877022 -.972630
54.990000 -20.905887 -.962145
55.020000 -20.934442 -.951839
55.050000 -20.962693 -.941715
55.080000 -20.990647 -.931775
55.110000 -21.018307 -.922018
55.140000 -21.045681 -.912447
55.170000 -21.072772 -.903059
55.200000 -21.099588 -.893854
55.230000 -21.126133 -.884831
55.260000 -21.152413 -.875987
55.290000 -21.178432 -.867319
55.320000 -21.204197 -.858824
55.350000 -21.229712 -.850498
55.380000 -21.254982 -.842337
55.410000 -21.280012 -.834336
55.440000 -21.304807 -.826491
55.470000 -21.329371 -.818796
55.500000 -21.353708 -.811246
55.530000 -21.377823 -.803835
55.560000 -21.401720 -.796557
55.590000 -21.425402 -.789405
55.620000 -21.448873 -.782374
55.650000 -21.472137 -.775456
55.680000 -21.495196 -.768646
55.710000 -21.518054 -.761936
55.740000 -21.540714 -.755319
55.770000 -21.563178 -.748788
55.800000 -21.585448 -.742337
55.830000 -21.607526 -.735958
55.860000 -21.629416 -.729643
55.890000 -21.651117 -.723387
55.920000 -21.672633 -.717181
55.950000 -21.693963 -.711018
55.980000 -21.715110 -.704891
56.010000 -21.736074 -.698793
56.040000 -21.756855 -.692717
56.070000 -21.777455 -.686656
56.100000 -21.797873 -.680602
56.130000 -21.818110 -.674549
56.160000 -21.838164 -.668489
56.190000 -21.858037 -.662417
56.220000 -21.877726 -.656324
56.250000 -21.897233 -.650204
56.280000 -21.916554 -.644052
56.310000 -21.935690 -.637859
56.340000 -21.954639 -.631620
56.370000 -21.973398 -.625329
56.400000 -21.991968 -.618978
56.430000 -22.010345 -.612563
56.460000 -22.028527 -.606078
56.490000 -22.046512 -.599515
56.520000 -22.064299 -.592870
56.550000 -22.081883 -.586138
56.580000 -22.099262 -.579312
56.610000 -22.116434 -.572388
56.640000 -22.133394 -.565360
56.670000 -22.150141 -.558224
56.700000 -22.166670 -.550975
56.730000 -22.182979 -.543607
56.760000 -22.199062 -.536118
56.790000 -22.214917 -.528501
56.820000 -22.230540 -.520755
56.850000 -22.245926 -.512873
56.880000 -22.261072 -.504854
56.910000 -22.275972 -.496692
56.940000 -22.290624 -.488386
56.970000 -22.305022 -.479931
57.000000 -22.319162 -.471325
57.030000 -22.333039 -.462565
57.060000 -22.346648 -.453649
57.090000 -22.359985 -.444574
57.120000 -22.373046 -.435339
57.150000 -22.385824 -.425941
57.180000 -22.398315 -.416378
57.210000 -22.410515 -.406650
57.240000 -22.422417 -.396755
57.270000 -22.434018 -.386692
57.300000 -22.445312 -.376460
57.330000 -22.456294 -.366059
57.360000 -22.466958 -.355489
57.390000 -22.477301 -.344748
57.420000 -22.487316 -.333838
57.450000 -22.496999 -.322759
57.480000 -22.506344 -.311511
57.510000 -22.515347 -.300095
57.540000 -22.524002 -.288511
57.570000 -22.532305 -.276762
57.600000 -22.540250 -.264848
57.630000 -22.547834 -.252771
57.660000 -22.555050 -.240533
57.690000 -22.561894 -.228135
57.720000 -22.568361 -.215580
57.750000 -22.574447 -.202870
57.780000 -22.580147 -.190007
57.810000 -22.585457 -.176995
57.840000 -22.590372 -.163835
57.870000 -22.594888 -.150530
57.900000 -22.599001 -.137084
57.930000 -22.602706 -.123500
57.960000 -22.605999 -.109781
57.990000 -22.608877 -.095930
58.020000 -22.611336 -.081951
58.050000 -22.613371 -.067847
58.080000 -22.614980 -.053622
58.110000 -22.616158 -.039280
58.140000 -22.616903 -.024823
58.170000 -22.617210 -.010257
58.200000 -22.617078 .004417
58.230000 -22.616502 .019192
58.260000 -22.615480 .034067
58.290000 -22.614009 .049037
58.320000 -22.612086 .064099
58.350000 -22.609709 .079248
58.380000 -22.606874 .094482
58.410000 -22.603580 .109797
58.440000 -22.599825 .125189
58.470000 -22.595605 .140656
58.500000 -22.590919 .156193
58.530000 -22.585765 .171798
58.560000 -22.580141 .187468
58.590000 -22.574045 .203200
58.620000 -22.567475 .218992
58.650000 -22.560430 .234840
58.680000 -22.552908 .250743
58.710000 -22.544907 .266698
58.740000 -22.536426 .282704
58.770000 -22.527463 .298758
58.800000 -22.518017 .314860
58.830000 -22.508087 .331007
58.860000 -22.497671 .347199
58.890000 -22.486768 .363435
58.920000 -22.475377 .379715
58.950000 -22.463495 .396037
58.980000 -22.451123 .412402
59.010000 -22.438259 .428810
59.040000 -22.424901 .445261
59.070000 -22.411049 .461756
59.100000 -22.396700 .478295
59.130000 -22.381853 .494880
59.160000 -22.366508 .511512
59.190000 -22.350662 .528193
59.220000 -22.334314 .544924
59.250000 -22.317463 .561707
59.280000 -22.300107 .578545
59.310000 -22.282244 .595439
59.340000 -22.263872 .612394
59.370000 -22.244990 .629410
59.400000 -22.225595 .646492
59.430000 -22.205686 .663641
59.460000 -22.185260 .680863
59.490000 -22.164315 .698158
59.520000 -22.142849 .715532
59.550000 -22.120859 .732987
59.580000 -22.098344 .750526
59.610000 -22.075299 .768154
59.640000 -22.051723 .785872
59.670000 -22.027612 .803685
59.700000 -22.002964 .821596
59.730000 -21.977776 .839606
59.760000 -21.952045 .857720
59.790000 -21.925767 .875939
59.820000 -21.898939 .894265
59.850000 -21.871558 .912701
59.880000 -21.843620 .931247
59.910000 -21.815123 .949903
59.940000 -21.786063 .968671
59.970000 -21.756436 .987549
60.000000 -21.726240 1.006537
