  0.25000000000000000        7.1137027110855233E-003   9.5157185224165053E-004   5.0169532364960356E-004
  0.12500000000000000        1.7376897085270293E-003   5.4314625659163118E-005   5.5025227797544929E-006
   6.2500000000000000E-002   4.3193219600221044E-004   3.3203081726829176E-006   7.9312993145341792E-008
   3.1250000000000000E-002   1.0782826388766598E-004   2.0638015038598745E-007   1.2150510320108054E-009
   1.5625000000000000E-002   2.6947405185967499E-005   1.2881047978252624E-008   1.8892221120836439E-011
   7.8125000000000000E-003   6.7362477045862512E-006   8.0478901320901741E-010   2.9487523534044158E-013
   3.9062500000000000E-003   1.6840242050564225E-006   5.0295212439266379E-011   4.6074255521943996E-015
   1.9531250000000000E-003   4.2100369387898517E-007   3.1434854719236682E-012   1.6653345369377348E-016
   9.7656250000000000E-004   1.0525077659417903E-007   1.9614865287564953E-013   5.5511151231257827E-017
   4.8828125000000000E-004   2.6312685141860470E-008   1.2517764602648640E-014   3.3306690738754696E-016
   2.4414062500000000E-004   6.5781702585088198E-009   1.0824674490095276E-015   2.7755575615628914E-016
