-92 .001000
-84 .001000
-82 .002000
-80 .001000
-76 .001000
-74 .004000
-72 .002000
-70 .003000
-68 .004000
-66 .004000
-64 .005000
-62 .005000
-60 .005000
-58 .004000
-56 .008000
-54 .005000
-52 .005000
-50 .005000
-48 .008000
-46 .011000
-44 .008000
-42 .016000
-40 .004000
-38 .008000
-36 .011000
-34 .012000
-32 .013000
-30 .016000
-28 .019000
-26 .014000
-24 .023000
-22 .012000
-20 .019000
-18 .027000
-16 .029000
-14 .030000
-12 .031000
-10 .030000
-8 .026000
-6 .026000
-4 .018000
-2 .023000
0 .032000
2 .029000
4 .024000
6 .020000
8 .024000
10 .027000
12 .025000
14 .026000
16 .018000
18 .021000
20 .017000
22 .019000
24 .012000
26 .020000
28 .010000
30 .012000
32 .018000
34 .023000
36 .005000
38 .015000
40 .012000
42 .011000
44 .007000
46 .013000
48 .005000
50 .007000
52 .007000
54 .010000
56 .007000
58 .004000
60 .002000
62 .001000
64 .003000
66 .002000
68 .002000
70 .004000
72 .002000
74 .001000
90 .001000
92 .001000
94 .002000
