-688 2
-680 2
-676 4
-674 5
-672 4
-670 7
-668 9
-666 8
-664 9
-662 21
-660 19
-658 15
-656 20
-654 26
-652 28
-650 49
-648 59
-646 63
-644 65
-642 78
-640 103
-638 90
-636 123
-634 117
-632 159
-630 160
-628 169
-626 167
-624 191
-622 206
-620 201
-618 257
-616 255
-614 281
-612 304
-610 302
-608 308
-606 293
-604 306
-602 340
-600 297
-598 295
-596 315
-594 277
-592 279
-590 316
-588 286
-586 295
-584 240
-582 235
-580 262
-578 216
-576 208
-574 186
-572 197
-570 148
-568 156
-566 129
-564 111
-562 107
-560 94
-558 82
-556 63
-554 68
-552 43
-550 44
-548 32
-546 31
-544 29
-542 23
-540 19
-538 17
-536 14
-534 13
-532 12
-530 4
-528 6
-526 7
-524 3
-522 5
-520 1
-518 1
-516 2
-514 3
-504 1
-502 1
-498 1
-486 1
