-426 1
-416 1
-412 2
-408 2
-406 3
-404 3
-402 3
-398 2
-394 1
-392 5
-390 5
-388 5
-386 5
-384 6
-382 6
-380 10
-378 10
-376 11
-374 10
-372 12
-370 16
-368 17
-366 15
-364 15
-362 13
-360 17
-358 14
-356 21
-354 25
-352 20
-350 23
-348 19
-346 23
-344 22
-342 21
-340 29
-338 41
-336 22
-334 33
-332 23
-330 34
-328 29
-326 30
-324 24
-322 18
-320 28
-318 33
-316 23
-314 15
-312 13
-310 15
-308 20
-306 13
-304 11
-302 15
-300 16
-298 17
-296 16
-294 11
-292 8
-290 10
-288 3
-286 8
-284 7
-282 8
-280 6
-278 3
-276 8
-274 2
-272 3
-270 4
-268 4
-266 1
-264 1
-262 2
-260 2
-258 2
-256 1
-254 2
-242 1
-218 1
