-110 1
-104 1
-102 3
-100 1
-98 3
-96 3
-94 2
-92 4
-90 5
-88 5
-86 5
-84 7
-82 9
-80 11
-78 10
-76 12
-74 19
-72 19
-70 23
-68 25
-66 26
-64 30
-62 32
-60 47
-58 45
-56 63
-54 62
-52 77
-50 79
-48 87
-46 92
-44 88
-42 129
-40 100
-38 111
-36 130
-34 115
-32 159
-30 173
-28 156
-26 171
-24 187
-22 164
-20 183
-18 222
-16 226
-14 254
-12 238
-10 242
-8 222
-6 250
-4 238
-2 271
0 251
2 260
4 263
6 265
8 239
10 234
12 247
14 230
16 229
18 236
20 195
22 212
24 182
26 164
28 149
30 141
32 166
34 134
36 135
38 108
40 123
42 112
44 93
46 103
48 73
50 77
52 61
54 62
56 54
58 56
60 48
62 34
64 34
66 38
68 18
70 20
72 20
74 14
76 15
78 10
80 3
82 7
84 11
86 8
88 5
90 3
92 6
94 7
96 2
100 1
104 2
110 1
114 1
122 1
