-596 1
-594 1
-586 3
-584 1
-582 1
-580 2
-578 1
-576 8
-574 4
-572 10
-570 14
-568 15
-566 12
-564 15
-562 21
-560 18
-558 34
-556 45
-554 46
-552 63
-550 52
-548 63
-546 55
-544 81
-542 94
-540 107
-538 118
-536 150
-534 107
-532 143
-530 148
-528 190
-526 184
-524 191
-522 243
-520 220
-518 242
-516 248
-514 249
-512 247
-510 260
-508 298
-506 271
-504 278
-502 265
-500 287
-498 304
-496 320
-494 272
-492 268
-490 264
-488 266
-486 225
-484 255
-482 234
-480 235
-478 242
-476 185
-474 189
-472 191
-470 145
-468 140
-466 127
-464 146
-462 97
-460 86
-458 99
-456 74
-454 82
-452 64
-450 49
-448 38
-446 47
-444 36
-442 34
-440 28
-438 21
-436 25
-434 18
-432 10
-430 12
-428 10
-426 10
-424 7
-422 11
-420 6
-418 4
-416 3
-414 1
-412 5
-410 1
-408 1
-404 3
-400 2
-394 1
-388 1
