  0.50000000000000000        2.8038537781584369        1.2385282860256028       0.78266274606641684        1.9569142428126125     
  0.20000000298023224       0.85031608231638200       0.61335610670733809       0.11847998780452196        1.0713372317967531     
  0.10000000149011612       0.39004458398661157       0.33127352481789929        2.9385529584356362E-002  0.95254462083653202     
   5.0000000745058060E-002  0.18700806426977934       0.17234448356454912        7.3317903526151085E-003  0.92313963519421049     
   9.9999997764825821E-003   3.6186599657420881E-002   3.5600429610061379E-002   2.9308502367975109E-004  0.91375469475563209     
   4.9999998882412910E-003   1.8019375217613653E-002   1.7872835620077243E-002   7.3269798768205163E-005  0.91346160778907581     
   1.0000000474974513E-003   3.5921103872929017E-003   3.5862488398477055E-003   2.9307737228201347E-006  0.91336782242232628     
   5.0000002374872565E-004   1.7953218477497757E-003   1.7938564615302965E-003   7.3269310973955726E-007  0.91336489164814783     
   9.9999997473787516E-005   3.5894706932815268E-004   3.5888845428733163E-004   2.9307520410526422E-008  0.91336395380047319     
   4.9999998736893758E-005   1.7946620573017213E-004   1.7945154997134338E-004   7.3278796364206755E-009  0.91336392449400794     
   9.9999997473787516E-006   3.5892062859144147E-005   3.5891473626037396E-005   2.9461633133109899E-010  0.91336391511317849     
   9.9999999747524271E-007   3.5890493870205376E-006   3.5889865745986071E-006   3.1405988920596428E-011  0.91336391475667966     
   1.0000000116860974E-007   3.5699788680787492E-007   3.5798573261303090E-007   4.9392312462259724E-010  0.91336391406549300     
   9.9999999392252903E-009   2.5975423589841284E-008   2.9535727641416543E-008   1.7801520257876291E-009  0.91336391512607840     
