1.00000000
2.00000000
4.00000000
5.00000000
6.00000000
10.00000000
11.00000000
12.00000000
15.00000000
21.00000000
23.00000000
26.00000000
27.00000000
30.00000000
31.00000000
33.00000000
36.00000000
38.00000000
39.00000000
41.00000000
43.00000000
44.00000000
53.00000000
54.00000000
56.00000000
57.00000000
58.00000000
61.00000000
62.00000000
63.00000000
66.00000000
67.00000000
69.00000000
70.00000000
71.00000000
76.00000000
77.00000000
78.00000000
79.00000000
80.00000000
88.00000000
89.00000000
91.00000000
92.00000000
93.00000000
94.00000000
95.00000000
97.00000000
98.00000000
99.00000000
