   5.2000000000000002       0.32688079380918755     
   5.1795923065910197       0.65247872549888619     
   5.1389766640811523       0.97553104045007921     
   5.0784288504195612        1.2947996348411115     
   4.9982978400232865        1.6090752842233749     
   4.8990027916111174        1.9171815573691173     
   4.7810298941110281        2.2179784189211365     
   4.6449291012523979        2.5103655274332866     
   4.4913107828126337        2.7932852379752604     
   4.3208423177298192        3.0657253205975037     
   4.1342446514808158        3.3267214076327534     
   3.9322888373119476        3.5753591840759329     
   3.7157925781429983        3.8107763361645879     
   3.4856167832828642        4.0321642738109933     
   3.2426621515275369        4.2387696427491059     
   2.9878657897820720        4.4298956421894795     
   2.7221978740756123        4.6049031634571262     
   2.4466583577349192        4.7632117645537324     
   2.1622737295551251        4.9043004948671518     
   1.8700938230607793        5.0277085833760067     
   1.5711886763868819        5.1330360026911332     
   1.2666454409273389        5.2199439201615547     
  0.95756533569431390        5.2881550460710214     
  0.64506064330235824        5.3374538876797226     
  0.33025174263144896        5.3676869165400865     
   1.4264172528432957E-002   5.3787626551489787     
 -0.30177427962764941        5.3706516876026242     
 -0.61673647104835683        5.3433865975052237     
 -0.92949878512300455        5.2970618349562990     
  -1.2389440083199514        5.2318335130132372     
  -1.5439642091760701        5.1479191326017455     
  -1.8434636259240222        5.0455972334352950     
  -2.1363615689333240        4.9252069671126257     
  -2.4215953436169451        4.7871475871980973     
  -2.6981231987781671        4.6318778497620912     
  -2.9649273045398670        4.4599153165780328     
  -3.2210167630072046        4.2718355519506641     
  -3.4654306536617772        4.0682712030005437     
  -3.6972411141679262        3.8499109521680177     
  -3.9155564557881424        3.6174983297439636     
  -4.1195243109538193        3.3718303734047015     
  -4.3083348087212947        3.1137561210472535     
  -4.4812237718650323        2.8441749227136541     
  -4.6374759272270163        2.5640345570865235     
  -4.7764281186649242        2.2743291379618094     
  -4.8974725095370815        1.9760967962891891     
  -5.0000597591505533        1.6704171238477041     
  -5.0837021550070896        1.3584083654255044     
  -5.1479766800436932        1.0412243475289933     
  -5.1925279914212465       0.72005113318702652     
  -5.2170712848141676       0.39610339436556485     
  -5.2213950156524227        7.0620495887802795E-002
  -5.2053634464276097      -0.25513771242192751     
  -5.1689189870673511      -0.57989539537993584     
  -5.1120842935828845      -0.90236552016399496     
  -5.0349640887840614       -1.2212549242639390     
  -4.9377466679171729       -1.5352696512749646     
  -4.8207050516977370       -1.8431205372603934     
  -4.6841977494637161       -2.1435290252395989     
  -4.5286690961400140       -2.4352331799816618     
  -4.3546491284486608       -2.7169938698042064     
  -4.1627529683737015       -2.9876010766045722     
  -3.9536796853312564       -3.2458802900167840     
  -3.7282106128183199       -3.4906989365350762     
  -3.4872071005088396       -3.7209727898244065     
  -3.2316076887953233       -3.9356723044065496     
  -2.9624246995718608       -4.1338288116224167     
  -2.6807402445226041       -4.3145405143760298     
  -2.3877016601906109       -4.4769782157988827     
  -2.0845163874989674       -4.6203907167513272     
  -1.7724463219971935       -4.7441098180901387     
  -1.4528016697083084       -4.8475548659364760     
  -1.1269343518382178       -4.9302367817970660     
 -0.79623100955484793       -4.9917615243040121     
 -0.46210566732648456       -5.0318329354829823     
 -0.12599211971407306       -5.0502549317308656     
  0.21066388815311990       -5.0469330079368033     
  0.54641261209138303       -5.0218750322326082     
  0.87980831530924319       -4.9751913184970560     
   1.2094172514585038       -4.9070939737272870     
   1.5338255461916352       -4.8178955274792417     
   1.8516469008565970       -4.7080068605128069     
   2.1615300451366073       -4.5779344593067313     
   2.4621658699694722       -4.4282770319990972     
   2.7522941778210872       -4.2597215293509967     
   3.0307099941681215       -4.0730386213454128     
   3.2962693916660353       -3.8690776858791271     
   3.5478947867223392       -3.6487613705831090     
   3.7845796768338440       -3.4130797920601195     
   4.0053927958526687       -3.1630844387440593     
   4.2094816730991305       -2.8998818441919512     
   4.3960755907361682       -2.6246270969816061     
   4.5644879418772959       -2.3385172516034092     
   4.7141179993626254       -2.0427847019267098     
   4.8444521118793897       -1.7386905751328630     
   4.9550643500303355       -1.4275181995934629     
   5.0456166300025300       -1.1105666951951056     
   5.1158583466282161      -0.78914472923231682     
   5.1656255508540410      -0.46456447536372597     
   5.1948397089659952      -0.13813580739871692     
   5.2035060823966361       0.18883924601535793     
   5.1917117676277922       0.51507176528584508     
