   5.2000000000000002        2.6273759568655328E-002
   5.1998540055256210        5.2546781478903314E-002
   5.1995620251502839        7.8818328138263768E-002
   5.1991240704296251       0.10508766202397257     
   5.1985401559011128       0.13135404568676901     
   5.1978102990837538       0.15761674175468265     
   5.1969345204778943       0.18387501293682113     
   5.1959128435651136       0.21012812202715975     
   5.1947452948082109       0.23637533190833440     
   5.1934319036512839       0.26261590555543873     
   5.1919727025199025       0.28884910603982705     
   5.1903677268213713       0.31507419653292362     
   5.1886170149450894       0.34129044031004024     
   5.1867206082629993       0.36749710075420283     
   5.1846785511301290       0.39369344135998818     
   5.1824908908852292       0.41987872573737245     
   5.1801576778514997       0.44605221761559211     
   5.1776789653374102       0.47221318084701902     
   5.1750548096376114       0.49836087941105034     
   5.1722852700339397       0.52449457741801486     
   5.1693704087965147       0.55061353911309674     
   5.1663102911849270       0.57671702888027798     
   5.1631049854495181       0.60280431124630063     
   5.1597545628327524       0.62887465088465011     
   5.1562590975706808       0.65492731261956072     
   5.1526186668944964       0.68096156143004472     
   5.1488333510321809       0.70697666245394597     
   5.1449032332102416       0.73297188099201949     
   5.1408283996555406       0.75894648251203778     
   5.1366089395972141       0.78489973265292579     
   5.1322449452686820       0.81083089722892510     
   5.1277365119097507       0.83673924223378882     
   5.1230837377688019       0.86262403384500841     
   5.1182867241050767       0.88848453842807351     
   5.1133455751910466       0.91432002254076616     
   5.1082603983148740       0.94012975293749024     
   5.1030313037829647       0.96591299657363816     
   5.0976584049226075       0.99166902060999484     
   5.0921418180847056        1.0173970924171816     
   5.0864816626465945        1.0430964795801392     
   5.0806780610149511        1.0687664499026543     
   5.0747311386287883        1.0944062714119274     
   5.0686410239625417        1.1200152123631846     
   5.0624078485292427        1.1455925412443360     
   5.0560317468837788        1.1711375267806792     
   5.0495128566262419        1.1966494379396517     
   5.0428513184053667        1.2221275439356314     
   5.0360472759220505        1.2475711142347878     
   5.0291008759329658        1.2729794185599850     
   5.0220122682542563        1.2983517268957361     
   5.0147816057653198        1.3236873094932133     
   5.0074090444126771        1.3489854368753122     
   4.9998947432139262        1.3742453798417726     
   4.9922388642617834        1.3994664094743572     
   4.9844415727282074        1.4246477971420892     
   4.9765030368686096        1.4497888145065507     
   4.9684234280261483        1.4748887335272416     
   4.9602029206361067        1.4999468264670022     
   4.9518416922303548        1.5249623658974993     
   4.9433399234418953        1.5499346247047783     
   4.9346977980094913        1.5748628760948806     
   4.9259155027823773        1.5997463935995306     
   4.9169932277250537        1.6245844510818908     
   4.9079311659221601        1.6493763227423872     
   4.8987295135834321        1.6741212831246077     
   4.8893884700487389        1.6988186071212719     
   4.8799082377932024        1.7234675699802766     
   4.8702890224323943        1.7480674473108166     
   4.8605310327276134        1.7726175150895820     
   4.8506344805912454        1.7971170496670343     
   4.8405995810921967        1.8215653277737620     
   4.8304265524614092        1.8459616265269168     
   4.8201156160974543        1.8703052234367326     
   4.8096669965722008        1.8945953964131275     
   4.7990809216365635        1.9188314237723911     
   4.7883576222263251        1.9430125842439578     
   4.7774973324680348        1.9671381569772677     
   4.7665002896849842        1.9912074215487163     
   4.7553667344032560        2.0152196579686952     
   4.7440969103578468        2.0391741466887230     
   4.7326910644988649        2.0630701686086699     
   4.7211494469978019        2.0869070050840772     
   4.7094723112538741        2.1106839379335716     
   4.6976599139004378        2.1344002494463767     
   4.6857125148114758        2.1580552223899234     
   4.6736303771081547        2.1816481400175594     
   4.6614137671654525        2.2051782860763596     
   4.6490629546188549        2.2286449448150405     
   4.6365782123711217        2.2520474009919771     
   4.6239598165991191        2.2753849398833252     
   4.6112080467607219        2.2986568472912516     
   4.5983231856017817        2.3218624095522711     
   4.5853055191631604        2.3450009135456926     
   4.5721553367878309        2.3680716467021785     
   4.5588729311280405        2.3910738970124132     
   4.5454585981525399        2.4140069530358881     
   4.5319126371538729        2.4368701039097997     
   4.5182353507557318        2.4596626393580658     
   4.5044270449203720        2.4823838497004580     
   4.4904880289560891        2.5050330258618554     
   4.4764186155247527        2.5276094593816176     
   4.4622191206494035        2.5501124424230808     
   4.4478898637219064        2.5725412677831776     
   4.4334311675106619        2.5948952289021814     
   4.4188433581683730        2.6171736198735780     
   4.4041267652398695        2.6393757354540646     
   4.3892817216699846        2.6615008710736787     
   4.3743085638114882        2.6835483228460584     
   4.3592076314330717        2.7055173875788330     
   4.3439792677273834        2.7274073627841506     
   4.3286238193191178        2.7492175466893389     
   4.3131416362731532        2.7709472382477029     
   4.2975330721027376        2.7925957371494619     
   4.2817984837777248        2.8141623438328245     
   4.2659382317328554        2.8356463594952070     
   4.2499526798760847        2.8570470861045929     
   4.2338421955969547        2.8783638264110367     
   4.2176071497750112        2.8995958839583147     
   4.2012479167882617        2.9207425630957213     
   4.1847648745216768        2.9418031689900146     
   4.1681584043757294        2.9627770076375120     
   4.1514288912749748        2.9836633858763375     
   4.1345767236766688        3.0044616113988232     
   4.1176022935794210        3.0251709927640631     
   4.1005059965318864        3.0457908394106248     
   4.0832882316414887        3.0663204616694184     
   4.0659494015831763        3.0867591707767246     
   4.0484899126082139        3.1071062788873824     
   4.0309101745529992        3.1273610990881413     
   4.0132106008479136        3.1475229454111746     
   3.9953916085261958        3.1675911328477593     
   3.9774536182328459        3.1875649773621224     
   3.9593970542335528        3.2074437959054549     
   3.9412223444236441        3.2272269064300967     
   3.9229299203370593        3.2469136279038904     
   3.9045202171553441        3.2665032803247107     
   3.8859936737166620        3.2859951847351665     
   3.8673507325248258        3.3053886632374776     
   3.8485918397583423        3.3246830390085313     
   3.8297174452794747        3.3438776363151157     
   3.8107280026433155        3.3629717805293340     
   3.7916239691068720        3.3819647981442005     
   3.7724058056381611        3.4008560167894202     
   3.7530739769253114        3.4196447652473521     
   3.7336289513856733        3.4383303734691602     
   3.7140712011749319        3.4569121725911511     
   3.6944012021962243        3.4753894949513024     
   3.6746194341092573        3.4937616741059800     
   3.6547263803394245        3.5120280448468493     
   3.6347225280869213        3.5301879432179786     
   3.6146083683358547        3.5482407065331398     
   3.5943843958633481        3.5661856733933042     
   3.5740511092486371        3.5840221837043367     
   3.5536090108821559        3.6017495786948905     
   3.5330586069746115        3.6193672009345028     
   3.5124004075660440        3.6368743943518926     
   3.4916349265348710        3.6542705042534629     
   3.4707626816069137        3.6715548773420079     
   3.4497841943644039        3.6887268617356295     
   3.4286999902549677        3.7057858069868588     
   3.4075105986005862        3.7227310641019904     
   3.3862165526065287        3.7395619855606270     
   3.3648183893702575        3.7562779253354361     
   3.3433166498903022        3.7728782389121216     
   3.3217118790751017        3.7893622833096114     
   3.3000046257518085        3.8057294171004616     
   3.2781954426750581        3.8219790004314782     
   3.2562848865356968        3.8381103950445601     
   3.2342735179694673        3.8541229642977628     
   3.2121619015656502        3.8700160731865836     
   3.1899506058756582        3.8857890883654722     
   3.1676402034215791        3.9014413781695656     
   3.1452312707046692        3.9169723126366494     
   3.1227243882137894        3.9323812635293476     
   3.1001201404337859        3.9476676043575418     
   3.0774191158538109        3.9628307104010196     
   3.0546219069755796        3.9778699587323563     
   3.0317291103215624        3.9927847282400286     
   3.0087413264431109        4.0075743996517632     
   2.9856591599285101        4.0222383555581205     
   2.9624832194109598        4.0367759804363148     
   2.9392141175764794        4.0511866606742748     
   2.9158524711717324        4.0654697845949386     
   2.8923989010117701        4.0796247424807950     
   2.8688540319876901        4.0936509265986603     
   2.8452184930742068        4.1075477312247033     
   2.8214929173371313        4.1213145526697099     
   2.7976779419407576        4.1349507893045949     
   2.7737742081551517        4.1484558415861592     
   2.7497823613633408        4.1618291120830930     
   2.7257030510683986        4.1750700055022296     
   2.7015369309004265        4.1881779287150458     
   2.6772846586234227        4.2011522907844139     
   2.6529468961420402        4.2139925029916041     
   2.6285243095082276        4.2266979788635393     
   2.6040175689277518        4.2392681342003025     
   2.5794273487665973        4.2517023871028998     
   2.5547543275572391        4.2640001580012763     
   2.5299991880047865        4.2761608696825881     
   2.5051626169929939        4.2881839473197303     
   2.4802453055901346        4.3000688185001241     
   2.4552479490547348        4.3118149132547616     
   2.4301712468411640        4.3234216640875065     
   2.4050159026050779        4.3348885060046580     
   2.3797826242087097        4.3462148765447735     
   2.3544721237260080        4.3574002158087515     
   2.3290851174476153        4.3684439664901777     
   2.3036223258856841        4.3793455739059315     
   2.2780844737785277        4.3901044860270559     
   2.2524722900951009        4.4007201535098908     
   2.2267865080393059        4.4111920297274700     
   2.2010278650541215        4.4215195708011814     
   2.1751971028255501        4.4317022356326925     
   2.1492949672863788        4.4417394859361412     
   2.1233222086197507        4.4516307862705915     
   2.0972795812625429        4.4613756040727539     
   2.0711678439085444        4.4709734096899734     
   2.0449877595114345        4.4804236764134808     
   2.0187400952875523        4.4897258805119140     
   1.9924256227184567        4.4988795012651019     
   1.9660451175532712        4.5078840209981177     
   1.9395993598108086        4.5167389251155967     
   1.9130891337814728        4.5254437021363216     
   1.8865152280289321        4.5339978437280735     
   1.8598784353915594        4.5424008447427493     
   1.8331795529836357        4.5506522032517465     
   1.8064193821963119        4.5587514205816122     
   1.7795987286983246        4.5666980013499598     
   1.7527184024364602        4.5744914535016488     
   1.7257792176357645        4.5821312883452316     
   1.6987819927994914        4.5896170205896656     
   1.6717275507087874        4.5969481683812852     
   1.6446167184221059        4.6041242533410438     
   1.6174503272743472        4.6111448006020135     
   1.5902292128757196        4.6180093388471501     
   1.5629542151103155        4.6247174003473202     
   1.5356261781343998        4.6312685209995870     
   1.5082459503744032        4.6376622403657581     
   1.4808143845246173        4.6438981017111942     
   1.4533323375445855        4.6499756520438718     
   1.4258006706561848        4.6558944421537074     
   1.3982202493403941        4.6616540266521369     
   1.3705919433337432        4.6672539640119490     
   1.3429166266244370        4.6726938166073744     
   1.3151951774481510        4.6779731507544255     
   1.2874284782834919        4.6830915367514914     
   1.2596174158471192        4.6880485489201771     
   1.2317628810885195        4.6928437656463977     
   1.2038657691844332        4.6974767694217148     
   1.1759269795329239        4.7019471468849190     
   1.1479474157470870        4.7062544888638582     
   1.1199279856483921        4.7103983904175051     
   1.0918696012596536        4.7143784508782671     
   1.0637731787976241        4.7181942738945315     
   1.0356396386652054        4.7218454674734485     
   1.0074699054432708        4.7253316440239477     
  0.97926490788209442        4.7286524203999862     
  0.95102557889238126        4.7318074179440259     
  0.92275285553589215        4.7347962625307369     
  0.89444767901565914        4.7376185846109280     
  0.86611099466578467        4.7402740192556969     
  0.83774375194081974        4.7427622062008012     
  0.80934690440471468        4.7450827898912449     
  0.78092140971933754        4.7472354195260786     
  0.75246822963255433        4.7492197491034123     
  0.72398832996586515        4.7510354374656352     
  0.69548268060159069        4.7526821483448405     
  0.66695225546960368        4.7541595504084517     
  0.63839803253359928        4.7554673173050466     
  0.60982099377689869        4.7566051277103787     
  0.58122212518778049        4.7575726653735879     
  0.55260241674433397        4.7583696191635996     
  0.52396286239882850        4.7589956831157085     
  0.49530446006159334        4.7594505564783427     
  0.46662821158440226        4.7597339437600041     
  0.43793512274335711        4.7598455547763834     
  0.40922620322126463        4.7597851046976389     
  0.38050246658950082        4.7595523140958464     
  0.35176493028935707        4.7591469089926024     
  0.32301461561286238        4.7585686209067868     
  0.29425254768307585        4.7578171869024750     
  0.26547975543384406        4.7568923496369973     
  0.23669727158901710        4.7557938574091398     
  0.20790613264111810        4.7545214642074818     
  0.17910737882946018        4.7530749297588635     
  0.15030205411770547        4.7514540195769834     
  0.12149120617086033        4.7496585050111140     
   9.2675886331701221E-002   4.7476881632949350     
   6.3857149596625737E-002   4.7455427775954782     
   3.5036054590923051E-002   4.7432221370621734     
   6.2136635434582900E-003   4.7407260368759996     
  -2.2608957739234662E-002   4.7380542782987245     
  -5.1430739899457477E-002   4.7352066687222338     
  -8.0250610055454238E-002   4.7321830217179421     
 -0.10906749182912633        4.7289831570862777     
 -0.13788030537436072        4.7256069009062385     
 -0.16668796740597697        4.7220540855850093     
 -0.19548939122929840        4.7183245499076341     
 -0.22428348677035259        4.7144181390867397     
 -0.25306916060670642        4.7103347048122997     
 -0.28184531599894108        4.7060741053014361     
 -0.31061085292277180        4.7016362053482483     
 -0.33936466810181781        4.6970208763736627     
 -0.36810565504102721        4.6922279964752978     
 -0.39683270406076199        4.6872574504773343     
 -0.42554470233154801        4.6821091299803852     
 -0.45424053390949470        4.6767829334113573     
 -0.48291907977238946        4.6712787660732946     
 -0.51157921785647142        4.6655965401951978     
 -0.54021982309388927        4.6597361749818118     
 -0.56883976745084741        4.6536975966633722     
 -0.59743791996644546        4.6474807385453003     
 -0.62601314679221542        4.6410855410578424     
 -0.65456431123236036        4.6345119518056430     
 -0.68309027378469944        4.6277599256172399     
 -0.71158989218232338        4.6208294245944792     
 -0.74006202143596422        4.6137204181618339     
 -0.76850551387708366        4.6064328831156205     
 -0.79691921920168363        4.5989668036731066     
 -0.82530198451484305        4.5913221715214947     
 -0.85365265437598448        4.5834989858667772     
 -0.88197007084487422        4.5754972534824487     
 -0.91025307352835938        4.5673169887580718     
 -0.93850049962784532        4.5589582137476796     
 -0.96671118398751676        4.5504209582180115     
 -0.99488395914330563        4.5417052596965650     
  -1.0230176553726087        4.5328111635194599     
  -1.0511111007447580        4.5237387228791004     
  -1.0791631211722468        4.5144879988716253     
  -1.1071725404627137        4.5050590605441370     
  -1.1351381803716876        4.4954519849416954     
  -1.1630588606560950        4.4856668571540714     
  -1.1909333991285342        4.4757037703622418     
  -1.2187606117123155        4.4655628258846196     
  -1.2465393124972715        4.4552441332230064     
  -1.2742683137963382        4.4447478101082565     
  -1.3019464262029101        4.4340739825456392     
  -1.3295724586489683        4.4232227848598908     
  -1.3571452184639849        4.4121943597399405     
  -1.3846635114346051        4.4009888582833021     
  -1.4121261418651057        4.3896064400401178     
  -1.4395319126386339        4.3780472730568425     
  -1.4668796252792251        4.3663115339195553     
  -1.4941680800146004        4.3543994077968868     
  -1.5213960758397447        4.3423110884825498     
  -1.5485624105812648        4.3300467784374614     
  -1.5756658809625290        4.3176066888314431     
  -1.6027052826695862        4.3049910395844861     
  -1.6296794104178642        4.2922000594075689     
  -1.6565870580196485        4.2792339858430157     
  -1.6834270184523379        4.2660930653043820     
  -1.7101980839274791        4.2527775531158527     
  -1.7368990459605760        4.2392877135511418     
  -1.7635286954416745        4.2256238198718794     
  -1.7900858227067196        4.2117861543654751     
  -1.8165692176096846        4.1977750083824379     
  -1.8429776695954687        4.1835906823731470     
  -1.8693099677735614        4.1692334859240558     
  -1.8955649009924715        4.1547037377933167     
  -1.9217412579149180        4.1400017659458115     
  -1.9478378270937782        4.1251279075875766     
  -1.9738533970487924        4.1100825091996063     
  -1.9997867563440204        4.0948659265710221     
  -2.0256366936660455        4.0794785248315941     
  -2.0514019979029237        4.0639206784836013     
  -2.0770814582238724        4.0481927714330137     
  -2.1026738641596947        4.0322951970199865     
  -2.1281780056839361        4.0162283580486493     
  -2.1535926732947650        3.9999926668161794     
  -2.1789166580975765        3.9835885451411408     
  -2.2041487518883107        3.9670164243910788     
  -2.2292877472374806        3.9502767455093548     
  -2.2543324375749045        3.9333699590412068     
  -2.2792816172751360        3.9162965251590216     
  -2.3041340817435851        3.8990569136868061     
  -2.3288886275033240        3.8816516041238414     
  -2.3535440522825706        3.8640810856675074     
  -2.3780991551028419        3.8463458572352636     
  -2.4025527363677694        3.8284464274857712     
  -2.4269035979525713        3.8103833148391435     
  -2.4511505432941694        3.7921570474963100     
  -2.4752923774819453        3.7737681634574813     
  -2.4993279073491266        3.7552172105396999     
  -2.5232559415647926        3.7365047463934635     
  -2.5470752907264935        3.7176313385184070     
  -2.5707847674534694        3.6985975642780295     
  -2.5943831864804632        3.6794040109134531     
  -2.6178693647521154        3.6600512755561994     
  -2.6412421215179296        3.6405399652399701     
  -2.6645002784278002        3.6208706969114197     
  -2.6876426596280898        3.6010440974399041     
  -2.7106680918582460        3.5810608036261953     
  -2.7335754045479455        3.5609214622101475     
  -2.7563634299147535        3.5406267298773000     
  -2.7790310030622867        3.5201772732644070     
  -2.8015769620788684        3.4995737689638808     
  -2.8240001481366614        3.4788169035271332     
  -2.8462994055912660        3.4579073734668064     
  -2.8684735820817711        3.4368458852578780     
  -2.8905215286312442        3.4156331553376291     
  -2.9124420997476466        3.3942699101044638     
  -2.9342341535251575        3.3727568859155683     
  -2.9558965517458984        3.3510948290833960     
  -2.9774281599820358        3.3292844958709686     
  -2.9988278476982528        3.3073266524859832     
  -3.0200944883545722        3.2852220750737104     
  -3.0412269595095154        3.2629715497086758     
  -3.0622241429235819        3.2405758723851119     
  -3.0830849246630341        3.2180358490061720     
  -3.1038081952039689        3.1953522953718934     
  -3.1243928495366622        3.1725260371659001     
  -3.1448377872701667        3.1495579099408375     
  -3.1651419127371487        3.1264487591025256     
  -3.1853041350989439        3.1031994398928249     
  -3.2053233684508178        3.0798108173712015     
  -3.2251985319274077        3.0562837663949880     
  -3.2449285498083351        3.0326191715983257     
  -3.2645123516239627        3.0088179273697833     
  -3.2839488722612842        2.9848809378286427     
  -3.3032370520699224        2.9608091167998443     
  -3.3223758369682201        2.9366033877875837     
  -3.3413641785494037        2.9122646839475532     
  -3.3602010341877988        2.8877939480578201     
  -3.3788853671450791        2.8631921324883347     
  -3.3974161466765289        2.8384601991690643     
  -3.4157923481372969        2.8135991195567431     
  -3.4340129530886245        2.7886098746002359     
  -3.4520769494040247        2.7634934547045069     
  -3.4699833313753912        2.7382508596931916     
  -3.4877310998190194        2.7128830987697636     
  -3.5053192621815152        2.6873911904772947     
  -3.5227468326455709        2.6617761626568024     
  -3.5400128322355870        2.6360390524041830     
  -3.5571162889231198        2.6101809060257235     
  -3.5740562377321288        2.5842027789921933     
  -3.5908317208440064        2.5581057358915098     
  -3.6074417877023652        2.5318908503799777     
  -3.6238854951175608        2.5055592051320987     
  -3.6401619073709277        2.4791118917889508     
  -3.6562700963187078        2.4525500109051359     
  -3.6722091414956450        2.4258746718942961     
  -3.6879781302182257        2.3990869929731953     
  -3.7035761576875426        2.3721881011043693     
  -3.7190023270917565        2.3451791319373432     
  -3.7342557497081366        2.3180612297484187     
  -3.7493355450046515        2.2908355473790296     
  -3.7642408407410923        2.2635032461726703     
  -3.7789707730697013        2.2360654959103972     
  -3.7935244866352837        2.2085234747449078     
  -3.8079011346747804        2.1808783691331981     
  -3.8220998791162764        2.1531313737678031     
  -3.8361198906774225        2.1252836915066240     
  -3.8499603489632475        2.0973365333013474     
  -3.8636204425633336        2.0692911181244584     
  -3.8770993691483384        2.0411486728948565     
  -3.8903963355658324        2.0129104324020766     
  -3.9035105579354341        1.9845776392291239     
  -3.9164412617432167        1.9561515436739274     
  -3.9291876819353639        1.9276334036694192     
  -3.9417490630110503        1.8990244847022477     
  -3.9541246591145249        1.8703260597301328     
  -3.9663137341263726        1.8415394090978694     
  -3.9783155617539316        1.8126658204519912     
  -3.9901294256208439        1.7837065886541008     
  -4.0017546193557152        1.7546630156928780     
  -4.0131904466798600        1.7255364105947748     
  -4.0244362214941143        1.6963280893334098     
  -4.0354912679646846        1.6670393747376706     
  -4.0463549206080200        1.6376715963985367     
  -4.0570265243746793        1.6082260905746357     
  -4.0675054347321700        1.5787042000965443     
  -4.0777910177467440        1.5491072742698457     
  -4.0878826501641186        1.5194366687769596     
  -4.0977797194891092        1.4896937455777552     
  -4.1074816240641496        1.4598798728089644     
  -4.1169877731466746        1.4299964246824066     
  -4.1262975869853502        1.4000447813820436     
  -4.1354104968951253        1.3700263289598762     
  -4.1443259453310901        1.3399424592307019     
  -4.1530433859611131        1.3097945696657474     
  -4.1615622837372435        1.2795840632851938     
  -4.1698821149658549        1.2493123485496114     
  -4.1780023673765125        1.2189808392503210     
  -4.1859225401895443        1.1885909543987008     
  -4.1936421441822960        1.1581441181144561     
  -4.2011607017540529        1.1276417595128707     
  -4.2084777469896100        1.0970853125910596     
  -4.2155928257214690        1.0664762161132419     
  -4.2225054955906494        1.0358159134950542     
  -4.2292153261060923        1.0051058526869237     
  -4.2357218987026419       0.97434748605652299     
  -4.2420248067975868       0.94354227027032722     
  -4.2481236558457462       0.91269166617429309     
  -4.2540180633930831       0.88179713867368381     
  -4.2597076591288285       0.85086015661206038     
  -4.2651920849361060       0.81988219264946205     
  -4.2704709949410340       0.78886472313979827     
  -4.2755440555602986       0.75780922800747552     
  -4.2804109455471790       0.72671719062328155     
  -4.2850713560360134       0.69559009767955127     
  -4.2895249905850896       0.66442943906463758     
  -4.2937715652179511       0.63323670773671137     
  -4.2978108084631046       0.60201339959691502     
  -4.3016424613921149       0.57076101336189433     
  -4.3052662776560808       0.53948105043573313     
  -4.3086820235204755       0.50817501478131644     
  -4.3118894778983456       0.47684441279114653     
  -4.3148884323818537       0.44549075315763864     
  -4.3176786912721594       0.41411554674292111     
  -4.3202600716076276       0.38272030644816657     
  -4.3226324031903554       0.35130654708247988     
  -4.3247955286110100       0.31987578523136972     
  -4.3267493032719688       0.28842953912482977     
  -4.3284935954087551       0.25696932850505672     
  -4.3300282861097639       0.22549667449383159     
  -4.3313532693342705       0.19401309945959155     
  -4.3324684519287135       0.16252012688421918     
  -4.3333737536412542       0.13101928122957668     
  -4.3340691071345994        9.9512087803812113E-002
  -4.3345544579970881        6.8000072627465297E-002
  -4.3348297647520395        3.6484762299400827E-002
  -4.3348949988653551        4.9676838625958425E-003
  -4.3347501447513741       -2.6549635330189791E-002
  -4.3343951997769841       -5.8065667750833126E-002
  -4.3338301742639764       -8.9578885830329871E-002
  -4.3330550914896540      -0.12108776209331039     
  -4.3320699876856867      -0.15259076929256213     
  -4.3308749120352159      -0.18408638054353071     
  -4.3294699266682048      -0.21557306945877183     
  -4.3278551066550426      -0.24704931028232602     
  -4.3260305399983974      -0.27851357802398868     
  -4.3239963276233251      -0.30996434859344774     
  -4.3217525833656323      -0.34140009893426065     
  -4.3192994339585002      -0.37281930715764389     
  -4.3166370190173691      -0.40422045267604678     
  -4.3137654910230934      -0.43560201633648243     
  -4.3106850153033669      -0.46696248055358841     
  -4.3073957700124232      -0.49830032944238961     
  -4.3038979461090232      -0.52961404895073649     
  -4.3001917473327271      -0.56090212699139164     
  -4.2962773901784654      -0.59216305357373700     
  -4.2921551038694110      -0.62339532093507621     
  -4.2878251303281631      -0.65459742367150453     
  -4.2832877241462484      -0.68576785886832037     
  -4.2785431525519506      -0.71690512622995195     
  -4.2735916953764788      -0.74800772820937311     
  -4.2684336450184786      -0.77907417013698255     
  -4.2630693064069014      -0.81010296034892049     
  -4.2574989969622417      -0.84109261031479787     
  -4.2517230465561502      -0.87204163476481222     
  -4.2457417974694405      -0.90294855181622580     
  -4.2395556043484932      -0.93381188309918117     
  -4.2331648341600783      -0.96463015388182960     
  -4.2265698661445992      -0.99540189319474803     
  -4.2197710917677833       -1.0261256339546212     
  -4.2127689146708214       -1.0567999130871644     
  -4.2055637506189782       -1.0874232716492653     
  -4.1981560274486842       -1.1179942549503195     
  -4.1905461850131260       -1.1485114126727380     
  -4.1827346751263503       -1.1789732989916062     
  -4.1747219615058935       -1.2093784726934684     
  -4.1665085197139602       -1.2397254972942204     
  -4.1580948370971598       -1.2700129411560848     
  -4.1494814127248238       -1.3002393776036507     
  -4.1406687573259182       -1.3304033850389569     
  -4.1316573932245673       -1.3605035470555968     
  -4.1224478542742089       -1.3905384525518258     
  -4.1130406857904012       -1.4205066958426527     
  -4.1034364444822939       -1.4504068767708937     
  -4.0936356983827897       -1.4802376008171734     
  -4.0836390267774076       -1.5099974792088495     
  -4.0734470201318738       -1.5396851290278493     
  -4.0630602800184592       -1.5692991733173949     
  -4.0524794190410782       -1.5988382411876034     
  -4.0417050607591767       -1.6283009679199443     
  -4.0307378396104232       -1.6576859950705367     
  -4.0195784008322279       -1.6869919705722722     
  -4.0082274003821103       -1.7162175488357465     
  -3.9966855048569356       -1.7453613908489851     
  -3.9849533914110409       -1.7744221642759492     
  -3.9730317476732742       -1.8033985435538065     
  -3.9609212716629680       -1.8322892099889527     
  -3.9486226717048689       -1.8610928518517733     
  -3.9361366663430450       -1.8898081644701286     
  -3.9234639842537966       -1.9184338503215526     
  -3.9106053641575875       -1.9469686191241529     
  -3.8975615547300255       -1.9754111879261995     
  -3.8843333145119101       -2.0037602811943920     
  -3.8709214118183732       -2.0320146309007949     
  -3.8573266246471354       -2.0601729766084294     
  -3.8435497405859000       -2.0882340655555138     
  -3.8295915567189107       -2.1161966527383420     
  -3.8154528795326921       -2.1440595009927916     
  -3.8011345248210011       -2.1718213810744538     
  -3.7866373175890100       -2.1994810717373752     
  -3.7719620919567456       -2.2270373598114075     
  -3.7571096910618076       -2.2544890402781550     
  -3.7420809669613915       -2.2818349163455145     
  -3.7268767805336371       -2.3090737995208017     
  -3.7114980013783296       -2.3362045096824584     
  -3.6959455077169743       -2.3632258751503348     
  -3.6802201862922694       -2.3901367327545429     
  -3.6643229322670026       -2.4169359279028759     
  -3.6482546491223915       -2.4436223146467912     
  -3.6320162485558956       -2.4701947557459505     
  -3.6156086503785203       -2.4966521227313181     
  -3.5990327824116388       -2.5229932959668124     
  -3.5822895803833545       -2.5492171647095079     
  -3.5653799878244263       -2.5753226271683882     
  -3.5483049559637836       -2.6013085905616475     
  -3.5310654436236502       -2.6271739711725393     
  -3.5136624171143032       -2.6529176944037722     
  -3.4960968501284904       -2.6785386948304541     
  -3.4783697236355260       -2.7040359162515837     
  -3.4604820257750917       -2.7294083117400900     
  -3.4424347517507634       -2.7546548436914233     
  -3.4242289037232867       -2.7797744838706948     
  -3.4058654907036248       -2.8047662134583726     
  -3.3873455284458003       -2.8296290230945318     
  -3.3686700393395537       -2.8543619129216635     
  -3.3498400523028393       -2.8789638926260457     
  -3.3308566026741837       -2.9034339814776797     
  -3.3117207321049253       -2.9277712083687959     
  -3.2924334884513584       -2.9519746118509320     
  -3.2729959256668031       -2.9760432401705903     
  -3.2534091036936217       -2.9999761513034775     
  -3.2336740883552033       -3.0237724129873338     
  -3.2137919512479378       -3.0474311027533547     
  -3.1937637696331986       -3.0709513079562134     
  -3.1735906263293554       -3.0943321258026901     
  -3.1532736096038381       -3.1175726633789131     
  -3.1328138130652703       -3.1406720376762212     
  -3.1122123355556943       -3.1636293756156513     
  -3.0914702810429038       -3.1864438140710631     
  -3.0705887585129075       -3.2091144998909051     
  -3.0495688818625402       -3.2316405899186305     
  -3.0284117697922412       -3.2540212510117734     
  -3.0071185456990195       -3.2762556600596935     
  -2.9856903375696207       -3.2983430039999955     
  -2.9641282778739186       -3.3202824798336370     
  -2.9424335034585458       -3.3420732946387299     
  -2.9206071554407824       -3.3637146655830485     
  -2.8986503791027198       -3.3852058199352522     
  -2.8765643237857170       -3.4065459950748336     
  -2.8543501427851647       -3.4277344385008033     
  -2.8320089932455761       -3.4487704078391208     
  -2.8095420360560186       -3.4696531708488827     
  -2.7869504357459047       -3.4903820054272803     
  -2.7642353603811549       -3.5109561996133363     
  -2.7413979814607496       -3.5313750515904339     
  -2.7184394738136857       -3.5516378696876476     
  -2.6953610154963514       -3.5717439723798905     
  -2.6721637876903346       -3.5916926882868880     
  -2.6488489746006789       -3.6114833561709907     
  -2.6254177633546014       -3.6311153249338384     
  -2.6018713439006858       -3.6505879536118893     
  -2.5782109089085639       -3.6699006113708257     
  -2.5544376536690989       -3.6890526774988492     
  -2.5305527759950843       -3.7080435413988782     
  -2.5065574761224685       -3.7268726025796615     
  -2.4824529566121196       -3.7455392706458213     
  -2.4582404222521417       -3.7640429652868370     
  -2.4339210799607538       -3.7823831162649864     
  -2.4094961386897427       -3.8005591634022546     
  -2.3849668093285010       -3.8185705565662276     
  -2.3603343046086631       -3.8364167556549797     
  -2.3355998390093449       -3.8540972305809742     
  -2.3107646286630024       -3.8716114612539863     
  -2.2858298912619159       -3.8889589375630655     
  -2.2607968459653107       -3.9061391593575499     
  -2.2356667133071233       -3.9231516364271459     
  -2.2104407151044216       -3.9399958884810906     
  -2.1851200743664894       -3.9566714451264065     
  -2.1597060152045806       -3.9731778458452669     
  -2.1341997627423561       -3.9895146399714836     
  -2.1086025430270050       -4.0056813866661320     
  -2.0829155829410637       -4.0216776548923301     
  -2.0571401101149367       -4.0375030233891804     
  -2.0312773528401262       -4.0531570806448949     
  -2.0053285399831795       -4.0686394248691142     
  -1.9792949009003582       -4.0839496639644359     
  -1.9531776653530368       -4.0990874154971673     
  -1.9269780634238363       -4.1140523066673156     
  -1.9006973254334978       -4.1288439742778325     
  -1.8743366818585034       -4.1434620647031215     
  -1.8478973632494473       -4.1579062338568322     
  -1.8213806001501633       -4.1721761471589458     
  -1.7947876230176132       -4.1862714795021727     
  -1.7681196621425397       -4.2001919152176725     
  -1.7413779475708895       -4.2139371480401149     
  -1.7145637090260084       -4.2275068810720908     
  -1.6876781758316139       -4.2409008267478931     
  -1.6607225768355474       -4.2541187067966737     
  -1.6336981403343094       -4.2671602522050005     
  -1.6066060939983817       -4.2800252031788206     
  -1.5794476647983375       -4.2927133091048475     
  -1.5522240789317432       -4.3052243285113834     
  -1.5249365617508530       -4.3175580290285938     
  -1.4975863376911001       -4.3297141873482463     
  -1.4701746302003833       -4.3416925891829266     
  -1.4427026616691543       -4.3534930292247456     
  -1.4151716533613028       -4.3651153111035539     
  -1.3875828253458444       -4.3765592473446731     
  -1.3599373964294097       -4.3878246593261583     
  -1.3322365840895363       -4.3989113772356072     
  -1.3044816044087637       -4.4098192400265273     
  -1.2766736720095322       -4.4205480953742740     
  -1.2488139999898844       -4.4310977996315728     
  -1.2209037998599714       -4.4414682177836404     
  -1.1929442814793609       -4.4516592234029142     
  -1.1649366529951484       -4.4616706986034051     
  -1.1368821207808706       -4.4715025339946850     
  -1.1087818893762200       -4.4811546286355233     
  -1.0806371614275592       -4.4906268899871815     
  -1.0524491376292340       -4.4999192338663825     
  -1.0242190166656850       -4.5090315843979631     
 -0.99594799515435417       -4.5179638739672230     
 -0.96763726758938606       -4.5267160431719828     
 -0.93928802628612207       -4.5352880407743603     
 -0.91090146132638461       -4.5436798236522815     
 -0.88247876050454965       -4.5518913567507333     
 -0.85402110927440555       -4.5599226130327706     
 -0.82552969069679527       -4.5677735734302907     
 -0.79700568538803951       -4.5754442267945832     
 -0.76845027146913836       -4.5829345698466710     
 -0.73986462451574797       -4.5902446071274472     
 -0.71124991750892996       -4.5973743509476241     
 -0.68260732078666986       -4.6043238213375028     
 -0.65393800199616159       -4.6110930459965731     
 -0.62524312604685450       -4.6176820602429549     
 -0.59652385506425964       -4.6240909069626914     
 -0.56778134834451155       -4.6303196365589052     
 -0.53901676230968187       -4.6363683069008266     
 -0.51023125046384066       -4.6422369832727011     
 -0.48142596334986204       -4.6479257383225905     
 -0.45260204850696972       -4.6534346520110752     
 -0.42376065042901834       -4.6587638115598660     
 -0.39490291052350640       -4.6639133114003357     
 -0.36602996707131658       -4.6688832531219822     
 -0.33714295518717885       -4.6736737454208264     
 -0.30824300678085187       -4.6782849040477590     
 -0.27933125051901825       -4.6827168517568420     
 -0.25040881178788882       -4.6869697182535761     
 -0.22147681265651128       -4.6910436401431399     
 -0.19253637184077829       -4.6949387608786113     
 -0.16358860466813022       -4.6986552307091767     
 -0.13463462304294749       -4.7021932066283405     
 -0.10567553541262750       -4.7055528523221373     
  -7.6712446734341064E-002  -4.7087343381173605     
  -4.7746458442463099E-002  -4.7117378409298096     
  -1.8778668416672487E-002  -4.7145635442125675     
   1.0189829049284319E-002  -4.7172116379043132     
   3.9157943278171188E-002  -4.7196823183776786     
   6.8124587239187143E-002  -4.7219757883876570     
   9.7088677577243543E-002  -4.7240922570200654     
  0.12604913464159909       -4.7260319396400758     
  0.15500488251385819       -4.7277950578408152     
  0.18395484903533835       -4.7293818393920430     
  0.21289796583381196       -4.7307925181889159     
  0.24183316834962840       -4.7320273342008399     
  0.27075939586122194       -4.7330865334204226     
  0.29967559151001133       -4.7339703678125264     
  0.32858070232469661       -4.7346790952634326     
  0.35747367924495904       -4.7352129795301181     
  0.38635347714457002       -4.7355722901896558     
  0.41521905485391464       -4.7357573025887394     
  0.44406937518193579       -4.7357682977933413     
  0.47290340493750482       -4.7356055625385078     
  0.50172011495022439       -4.7352693891782955     
  0.53051848009066960       -4.7347600756358563     
  0.55929747929007312       -4.7340779253536756     
  0.58805609555946059       -4.7332232472439681     
  0.61679331600824172       -4.7321963556392346     
  0.64550813186226363       -4.7309975702429865     
  0.67419953848133174       -4.7296272160806438     
  0.70286653537620480       -4.7280856234506068     
  0.73150812622506944       -4.7263731278755081     
  0.76012331888950047       -4.7244900700536503     
  0.78871112542991317       -4.7224367958106326     
  0.81727056212051308       -4.7202136560511692     
  0.84580064946374911       -4.7178210067111044     
  0.87430041220427679       -4.7152592087096279     
  0.90276887934243655       -4.7125286279016958     
  0.93120508414725367       -4.7096296350306552     
  0.95960806416896571       -4.7065626056810848     
  0.98797686125108297       -4.7033279202318461     
   1.0163105215419883       -4.6999259638093536     
   1.0446080955060821       -4.6963571262410655     
   1.0728686379344785       -4.6926218020091985     
   1.1010912079552577       -4.6887203902046704     
   1.1292748690432819       -4.6846532944812695     
   1.1574186890295786       -4.6804209230100593     
   1.1855217401102998       -4.6760236884340172     
   1.2135830988552601       -4.6714620078229103     
   1.2416018462160612       -4.6667363026284123     
   1.2695770675338081       -4.6618469986394615     
   1.2975078525464225       -4.6567945259378671     
   1.3253932953955601       -4.6515793188541581     
   1.3532324946331351       -4.6462018159236838     
   1.3810245532274610       -4.6406624598429662     
   1.4087685785690101       -4.6349616974263048     
   1.4364636824757995       -4.6290999795626355     
   1.4641089811984080       -4.6230777611726479     
   1.4917035954246300       -4.6168955011661614     
   1.5192466502837714       -4.6105536623997603     
   1.5467372753505937       -4.6040527116346919     
   1.5741746046489116       -4.5973931194950266     
   1.6015577766548486       -4.5905753604260848     
   1.6288859342997570       -4.5835999126531277     
   1.6561582249728082       -4.5764672581403163     
   1.6833738005232559       -4.5691778825499396     
   1.7105318172623813       -4.5617322752019120     
   1.7376314359651228       -4.5541309290335406     
   1.7646718218713962       -4.5463743405595656     
   1.7916521446871108       -4.5384630098324719     
   1.8185715785848866       -4.5303974404030756     
   1.8454293022044772       -4.5221781392813831     
   1.8722244986529040       -4.5138056168977272     
   1.8989563555043065       -4.5052803870641771     
   1.9256240647995142       -4.4966029669362237     
   1.9522268230453437       -4.4877738769747451     
   1.9787638312136273       -4.4787936409082461     
   2.0052342947399779       -4.4696627856953777     
   2.0316374235222949       -4.4603818414877319     
   2.0579724319190147       -4.4509513415929174     
   2.0842385387471118       -4.4413718224379117     
   2.1104349672798559       -4.4316438235326938     
   2.1365609452443279       -4.4217678874341546     
   2.1626157048187014       -4.4117445597102867     
   2.1885984826292915       -4.4015743889046535     
   2.2145085197473793       -4.3912579265011367     
   2.2403450616858134       -4.3807957268889632     
   2.2661073583953941       -4.3701883473280105     
   2.2917946642610452       -4.3594363479143912     
   2.3174062380977762       -4.3485402915463149     
   2.3429413431464430       -4.3375007438902298     
   2.3683992470693052       -4.3263182733472414     
   2.3937792219453908       -4.3149934510198102     
   2.4190805442656691       -4.3035268506787245     
   2.4443024949280350       -4.2919190487303513     
   2.4694443592321123       -4.2801706241841631     
   2.4945054268738769       -4.2682821586205408     
   2.5194849919401063       -4.2562542361588536     
   2.5443823529026584       -4.2440874434258111     
   2.5691968126125824       -4.2317823695240904     
   2.5939276782940683       -4.2193396060012383     
   2.6185742615382375       -4.2067597468188440     
   2.6431358782967780       -4.1940433883219859     
   2.6676118488754286       -4.1811911292089494     
   2.6920014979273157       -4.1682035705012153     
   2.7163041544461470       -4.1550813155137165     
   2.7405191517592651       -4.1418249698253673     
   2.7646458275205652       -4.1284351412498577     
   2.7886835237032797       -4.1149124398067167     
   2.8126315865926337       -4.1012574776926414     
   2.8364893667783764       -4.0874708692530906     
   2.8602562191471890       -4.0735532309541442     
   2.8839315028749755       -4.0595051813546261     
   2.9075145814190368       -4.0453273410784893     
   2.9310048225101353       -4.0310203327874623     
   2.9544015981444489       -4.0165847811539548     
   2.9777042845754225       -4.0020213128342244     
   3.0009122623055151       -3.9873305564417998     
   3.0240249160778507       -3.9725131425211626     
   3.0470416348677722       -3.9575697035216835     
   3.0699618118743039       -3.9425008737718139     
   3.0927848445115251       -3.9273072894535304     
   3.1155101343998575       -3.9119895885770313     
   3.1381370873572694       -3.8965484109556856     
   3.1606651133904005       -3.8809843981812295     
   3.1830936266856091       -3.8652981935992132     
   3.2054220455999456       -3.8494904422846941     
   3.2276497926520542       -3.8335617910181750     
   3.2497762945130071       -3.8175128882617879     
   3.2718009819970728       -3.8013443841357208     
   3.2937232900524216       -3.7850569303948864     
   3.3155426577517710       -3.7686511804058305     
   3.3372585282829736       -3.7521277891238798     
   3.3588703489395506       -3.7354874130705280     
   3.3803775711111737       -3.7187307103110578     
   3.4017796502740967       -3.7018583404323970     
   3.4230760459815404       -3.6848709645212088     
   3.4442662218540341       -3.6677692451422135     
   3.4653496455697135       -3.6505538463167424     
   3.4863257888545807       -3.6332254335015182     
   3.5071941274727267       -3.6157846735676649     
   3.5279541412165196       -3.5982322347799425     
   3.5486053138967595       -3.5805687867762077     
   3.5691471333328049       -3.5627950005470970     
   3.5895790913426704       -3.5449115484159304     
   3.6099006837330996       -3.5269191040188375     
   3.6301114102896146       -3.5088183422850996     
   3.6502107747665451       -3.4906099394177112     
   3.6701982848770380       -3.4722945728741554     
   3.6900734522830505       -3.4538729213473940     
   3.7098357925853289       -3.4353456647470697     
   3.7294848253133752       -3.4167134841809195     
   3.7490200739154025       -3.3979770619363969     
   3.7684410657482821       -3.3791370814625026     
   3.7877473320674855       -3.3601942273518208     
   3.8069384080170199       -3.3411491853227604     
   3.8260138326193625       -3.3220026422019995     
   3.8449731487653938       -3.3027552859071303     
   3.8638159032043320       -3.2834078054295057     
   3.8825416465336700       -3.2639608908172826     
   3.9011499331891182       -3.2444152331586622     
   3.9196403214345530       -3.2247715245653268     
   3.9380123733519747       -3.2050304581560685     
   3.9562656548314741       -3.1851927280406103     
   3.9743997355612124       -3.1652590293036180     
   3.9924141890174134       -3.1452300579889010     
   4.0103085924543720       -3.1251065110837999     
   4.0280825268944778       -3.1048890865037593     
   4.0457355771182577       -3.0845784830770855     
   4.0632673316544405       -3.0641754005298858     
   4.0806773827700393       -3.0436805394711892     
   4.0979653264604599       -3.0230946013782463     
   4.1151307624396321       -3.0024182885820059     
   4.1321732941301672       -2.9816523042527692     
   4.1490925286535436       -2.9607973523860172     
   4.1658880768203206       -2.9398541377884109     
   4.1825595531203819       -2.9188233660639633     
   4.1991065757132109       -2.8977057436003815     
   4.2155287664182017       -2.8765019775555754     
   4.2318257507049992       -2.8552127758443344     
   4.2479971576838800       -2.8338388471251679     
   4.2640426200961663       -2.8123809007873093     
   4.2799617743046801       -2.7908396469378824     
   4.2957542602842365       -2.7692157963892274     
   4.3114197216121770       -2.7475100606463849     
   4.3269578054589459       -2.7257231518947385     
   4.3423681625787074       -2.7038557829878114     
   4.3576504473000091       -2.6819086674352173     
   4.3728043175164899       -2.6598825193907634     
   4.3878294346776343       -2.6377780536407047     
   4.4027254637795750       -2.6155959855921469     
   4.4174920733559437       -2.5933370312615964     
   4.4321289354687705       -2.5710019072636583     
   4.4466357256994362       -2.5485913307998764     
   4.4610121231396738       -2.5261060196477185     
   4.4752578103826259       -2.5035466921497007     
   4.4893724735139529       -2.4809140672026535     
   4.5033558021029974       -2.4582088642471254     
   4.5172074891940053       -2.4354318032569235     
   4.5309272312974009       -2.4125836047287894     
   4.5445147283811220       -2.3896649896722084     
   4.5579696838620114       -2.3666766795993515     
   4.5712918045972701       -2.3436193965151477     
   4.5844808008759701       -2.3204938629074863     
   4.5975363864106251       -2.2973008017375451     
   4.6104582783288288       -2.2740409364302470     
   4.6232461971649510       -2.2507149908648394     
   4.6358998668518989       -2.2273236893655985     
   4.6484190147129443       -2.2038677566926537     
   4.6608033714536141       -2.1803479180329326     
   4.6730526711536466       -2.1567648989912258     
   4.6851666512590162       -2.1331194255813677     
   4.6971450525740233       -2.1094122242175333     
   4.7089876192534534       -2.0856440217056500     
   4.7206940987948061       -2.0618155452349218     
   4.7322642420305900       -2.0379275223694648     
   4.7436978031206927       -2.0139806810400525     
   4.7549945395448177       -1.9899757495359693     
   4.7661542120949942       -1.9659134564969725     
   4.7771765848681600       -1.9417945309053579     
   4.7880614252588138       -1.9176197020781316     
   4.7988085039517463       -1.8933896996592823     
   4.8094175949148390       -1.8691052536121568     
   4.8198884753919424       -1.8447670942119345     
   4.8302209258958273       -1.8203759520381999     
   4.8404147302012115       -1.7959325579676135     
   4.8504696753378642       -1.7714376431666770     
   4.8603855515837848       -1.7468919390845932     
   4.8701621524584615       -1.7222961774462193     
   4.8797992747162056       -1.6976510902451107     
   4.8892967183395655       -1.6729574097366555     
   4.8986542865328193       -1.6482158684312971     
   4.9078717857155461       -1.6234271990878444     
   4.9169490255162778       -1.5985921347068683     
   4.9258858187662300       -1.5737114085241819     
   4.9346819814931147       -1.5487857540044043     
   4.9433373329150339       -1.5238159048346065     
   4.9518516954344536       -1.4988025949180368     
   4.9602248946322618       -1.4737465583679266     
   4.9684567592619073       -1.4486485295013725     
   4.9765471212436214       -1.4235092428332958     
   4.9844958156587236       -1.3983294330704772     
   4.9923026807440092       -1.3731098351056639     
   4.9999675578862224       -1.3478511840117502     
   5.0074902916166142       -1.3225542150360294     
   5.0148707296055832       -1.2972196635945141     
   5.0221087226574017       -1.2718482652663261     
   5.0292041247050268       -1.2464407557881529     
   5.0361567928049995       -1.2209978710487701     
   5.0429665871324278       -1.1955203470836280     
   5.0496333709760552       -1.1700089200695014     
   5.0561570107334184       -1.1444643263192020     
   5.0625373759060892       -1.1188873022763501     
   5.0687743390950049       -1.0932785845102067     
   5.0748677759958865       -1.0676389097105625     
   5.0808175653947432       -1.0419690146826852     
   5.0866235891634668       -1.0162696363423200     
   5.0922857322555135      -0.99054151171074611     
   5.0978038827016725      -0.96478537790988517     
   5.1031779316059254      -0.93900197215746162     
   5.1084077731413942      -0.91319203176221309     
   5.1134933045463784      -0.88735629411915007     
   5.1184344261204799      -0.86149549670486325     
   5.1232310412208202      -0.83561037707287744     
   5.1278830562583453      -0.80970167284905070     
   5.1323903806942210      -0.78377012172701754     
   5.1367529270363201      -0.75781646146367476     
   5.1409706108357973      -0.73184142987470902     
   5.1450433506837552      -0.70584576483016437     
   5.1489710682080041      -0.67983020425004903     
   5.1527536880699074      -0.65379548609998006     
   5.1563911379613234      -0.62774234838686438     
   5.1598833486016344      -0.60167152915461508     
   5.1632302537348700      -0.57558376647990195     
   5.1664317901269179      -0.54947979846793493     
   5.1694878975628304      -0.52336036324827906     
   5.1723985188442221      -0.49722619897069970     
   5.1751635997867558      -0.47107804380103735     
   5.1777830892177246      -0.44491663591711011     
   5.1802569389737236      -0.41874271350464293     
   5.1825851038984148      -0.39255701475322252     
   5.1847675418403840      -0.36636027785227648     
   5.1868042136510910      -0.34015324098707561     
   5.1886950831829095      -0.31393664233475799     
   5.1904401172872623      -0.28771122006037392     
   5.1920392858128475      -0.26147771231295025     
   5.1934925616039580      -0.23523685722157300     
   5.1947999204988946      -0.20898939289148705     
   5.1959613413284691      -0.18273605740021170     
   5.1969768059146029      -0.15647758879367102     
   5.1978462990690177      -0.13021472508233745     
   5.1985698085920182      -0.10394820423738786     
   5.1991473252713680       -7.7678764186870641E-002
   5.1995788428812606       -5.1407142811882627E-002
   5.1998643581813804       -2.5134077942754764E-002
   5.2000038709160572        1.1396926447547534E-003
   5.1999973838135158        2.7413431233261048E-002
   5.1998449025852160        5.3686400167548019E-002
   5.1995464359252876        7.9957861858359874E-002
   5.1991019955100573       0.10622707878618995     
   5.1985115959976689       0.13249331350506802     
   5.1977752550277962       0.15875582864634721     
   5.1968929932214492       0.18501388692249188     
   5.1958648341808722       0.21126675113086732     
   5.1946908044895368       0.23751368415753296     
   5.1933709337122256       0.26375394898103982     
   5.1919052543952109       0.28998680867623355     
   5.1902938020665230       0.31621152641806433     
   5.1885366152363153       0.34242736548540481     
   5.1866337353973178       0.36863358926487727     
   5.1845852070253864       0.39482946125469087     
   5.1823910775801441       0.42101424506849078     
   5.1800513975057116       0.44718720443921983     
   5.1775662202315349       0.47334760322299430     
   5.1749356021733011       0.49949470540299473     
   5.1721596027339496       0.52562777509337311     
   5.1692382843047726       0.55174607654317731     
   5.1661717122666104       0.57784887414029495     
   5.1629599549911349       0.60393543241541636     
   5.1596030838422289       0.63000501604601911     
   5.1561011731774533       0.65605688986037480     
   5.1524543003496088       0.68209031884157922     
   5.1486625457083859       0.70810456813160716     
   5.1447259926021101       0.73409890303539349     
   5.1406447273795735       0.76007258902494113     
   5.1364188393919603       0.78602489174345702     
   5.1320484209948640       0.81195507700951819     
   5.1275335675503912       0.83786241082126811     
   5.1228743774293601       0.86374615936064525     
   5.1180709520135856       0.88960558899764453     
   5.1131233956982580       0.91543996629461333     
   5.1080318158944085       0.94124855801058294     
   5.1027963230314652       0.96703063110563692     
   5.0974170305599005       0.99278545274531727     
   5.0918940549539649        1.0185122903050698     
   5.0862275157145129        1.0442104113747306     
   5.0804175353719145        1.0698790837630530     
   5.0744642394890578        1.0955175755022786     
   5.0683677566644381        1.1211251548527514     
   5.0621282185353378        1.1467010903075781     
   5.0557457597810913        1.1722446505973343     
   5.0492205181264387        1.1977551046948194     
   5.0425526343449674        1.2232317218198594     
   5.0357422522626409        1.2486737714441609     
   5.0287895187614131        1.2740805232962165     
   5.0216945837829297        1.2994512473662623     
   5.0144576003323174        1.3247852139112906     
   5.0070787244820574        1.3500816934601165     
   4.9995581153759447        1.3753399568185027     
   4.9918959352331331        1.4005592750743405     
   4.9840923493522649        1.4257389196028905     
   4.9761475261156871        1.4508781620720839     
   4.9680616369937489        1.4759762744478850     
   4.9598348565491861        1.5010325289997171     
   4.9514673624415879        1.5260461983059512     
   4.9429593354319463        1.5510165552594621     
   4.9343109593872905        1.5759428730732492     
   4.9255224212854012        1.6008244252861266     
   4.9165939112196098        1.6256604857684818     
   4.9075256224036785        1.6504503287281056     
   4.8983177511767604        1.6751932287160929     
   4.8889704970084420        1.6998884606328173     
   4.8794840625038676        1.7245352997339798     
   4.8698586534089401        1.7491330216367336     
   4.8600944786156051        1.7736809023258855     
   4.8501917501672125        1.7981782181601762     
   4.8401506832639569        1.8226242458786395     
   4.8299714962683984        1.8470182626070430     
   4.8196544107110579        1.8713595458644117     
   4.8091996512960922        1.8956473735696333     
   4.7986074459070460        1.9198810240481508     
   4.7878780256126783        1.9440597760387397     
   4.7770116246728671        1.9681829087003737     
   4.7660084805445884        1.9922497016191791     
   4.7548688338879685        2.0162594348154794     
   4.7435929285724150        2.0402113887509321     
   4.7321810116828154        2.0641048443357568     
   4.7206333335258135        2.0879390829360607     
   4.7089501476361564        2.1117133863812572     
   4.6971317107831148        2.1354270369715826     
   4.6851782829769730        2.1590793174857112     
   4.6730901274755903        2.1826695111884704     
   4.6608675107910322        2.2061969018386565     
   4.6485107026962726        2.2296607736969536     
   4.6360199762319620        2.2530604115339563     
   4.6233956077132676        2.2763951006382976     
   4.6106378767367771        2.2996641268248843     
   4.5977470661874715        2.3228667764432394     
   4.5847234622457638        2.3460023363859550     
   4.5715673543946016        2.3690700940972560     
   4.5582790354266365        2.3920693375816753     
   4.5448588014514559        2.4149993554128439     
   4.5313069519028790        2.4378594367423960     
   4.5176237895463123        2.4606488713089898     
   4.5038096204861713        2.4833669494474475     
   4.4898647541733592        2.5060129620980147     
   4.4757895034128063        2.5285862008157394     
   4.4615841843710706        2.5510859577799740     
   4.4472491165839942        2.5735115258040029     
   4.4327846229644186        2.5958621983447920     
   4.4181910298099547        2.6181372695128675     
   4.4034686668108112        2.6403360340823214     
   4.3886178670576754        2.6624577875009470     
   4.3736389670496489        2.6845018259005058     
   4.3585323067022355        2.7064674461071259     
   4.3432982293553826        2.7283539456518353     
   4.3279370817815712        2.7501606227812307     
   4.3124492141939585        2.7718867764682815     
   4.2968349802545660        2.7935317064232743     
   4.2810947370825199        2.8150947131048953     
   4.2652288452623344        2.8365750977314561     
   4.2492376688522437        2.8579721622922603     
   4.2331215753925768        2.8792852095591148     
   4.2168809359141761        2.9005135430979885     
   4.2005161249468612        2.9216564672808154     
   4.1840275205279305        2.9427132872974489     
   4.1674155042107044        2.9636833091677648     
   4.1506804610731090        2.9845658397539165     
   4.1338227797262954        3.0053601867727444     
   4.1168428523232983        3.0260656588083377     
   4.0997410745677270        3.0466815653247541     
   4.0825178457224940        3.0672072166788977     
   4.0651735686185724        3.0876419241335542     
   4.0477086496637886        3.1079849998705882     
   4.0301234988516450        3.1282357570043025     
   4.0124185297701684        3.1483935095949609     
   3.9945941596107910        3.1684575726624766     
   3.9766508091772526        3.1884272622002672     
   3.9585889028945314        3.2083018951892770     
   3.9404088688177970        3.2280807896121706     
   3.9221111386413852        3.2477632644676970     
   3.9036961477077927        3.2673486397852267     
   3.8851643350166931        3.2868362366394628     
   3.8665161432339676        3.3062253771653278     
   3.8477520187007541        3.3255153845730292     
   3.8288724114425086        3.3447055831633019     
   3.8098777751780815        3.3637952983428319     
   3.7907685673288039        3.3827838566398616     
   3.7715452490275840        3.4016705857199798     
   3.7522082851280110        3.4204548144020941     
   3.7327581442134647        3.4391358726745915     
   3.7131952986062320        3.4577130917116867     
