   30.059999999999999        1.8887741373937392     
   29.942027208643314        3.7701356348263788     
   29.707234465022097        5.6367878054047544     
   29.357213015124675        7.4815759493220471     
   28.893976229098623        9.2975115882199439     
   28.319942335894883        11.077794903610759     
   27.637916362228360        12.815835402812480     
   26.851071448432833        14.505270852842461     
   25.962929698453564        16.139984536994195     
   24.977342705300629        17.714120900470125     
   23.898471877125147        19.222099660587460     
   22.730768672978414        20.658628463871342     
   21.478954841523048        22.018714176979490     
   20.148002740693862        23.297672901057688     
   18.743115801720993        24.491138800004137     
   17.269709187157464        25.595071832421105     
   15.733390679692766        26.605764474946831     
   14.139941826649107        27.519847521372711     
   12.495299354188337        28.334295037631779     
   10.805536855426052        29.046428547551795     
   9.0768467478592108        29.653920518342652     
   7.3155224877571596        30.154797208260685     
   5.5279410224267593        30.547440931874313     
   3.7205454555184003        30.830591790944833     
   1.8998278957665682        31.003348911218314     
   7.2312455731294148E-002   31.065171217473178     
  -1.7554616357979804        31.015877771047148     
  -3.5769568460769552        30.855647685832260     
  -5.3856541148158650        30.585019630427368     
  -7.1750696344194145        30.204890915819053     
  -8.9387716731206250        29.716516159667759     
  -10.670397478566906        29.121505510049392     
  -12.363670297032133        28.421822403389093     
  -14.012416540152644        27.619780823372999     
  -15.610583126901920        26.718042019891421     
  -17.152255023409225        25.719610639616572     
  -18.631672997171648        24.627830212723548     
  -20.043251595187119        23.446377933609483     
  -21.381597347531866        22.179258667350389     
  -22.641527188908960        20.830798108169219     
  -23.818087080703531        19.405635011497889     
  -24.906570805106398        17.908712417440231     
  -25.902538890938580        16.345267780735959     
  -26.801837617972929        14.720821920854473     
  -27.600618032878671        13.041166705789152     
  -28.295354895512432        11.312351384662978     
  -28.882865459280701        9.5406674875842299     
  -29.360327973876682        7.7326322164948138     
  -29.725299783062663        5.8949702582143164     
  -29.975734874584255        4.0345939606661698     
  -30.110000724066737        2.1585818255211424     
  -30.126894260202594       0.27415528531743655     
  -30.025656765082196       -1.6113462494177064     
  -29.805987511574621       -3.4904920674009334     
  -29.468055929693087       -5.3557885298175529     
  -29.012512086363213       -7.1997090859872932     
  -28.440495258447040       -9.0147258504790901     
  -27.753640377752703       -10.793342631300050     
  -26.954082129548375       -12.528129267870392     
  -26.044456493227781       -14.211757105566786     
  -25.027899525607388       -15.837035401286645     
  -23.908043204150093       -17.396948422466735     
  -22.689008169374048       -18.884692971075495     
  -21.375393232853689       -20.293716035151196     
  -19.972261549436354       -21.617752244382721     
  -18.485123389298280       -22.850860783947127     
  -16.919915486786795       -23.987461403231908     
  -15.282976987999078       -25.022369144029760     
  -13.581022066913849       -25.950827407057023     
  -11.821109329640491       -26.768538976840020     
  -10.010608176860380       -27.471694633594318     
  -8.1571623445799570       -28.056998996947961     
  -6.2686508915980328       -28.521693270261764     
  -4.3531469472932995       -28.863574585664441     
  -2.4188745741725071       -29.081011688283333     
 -0.47416413487765874       -29.172956742801865     
   1.4725934180429185       -29.138953095471834     
   3.4129928902334106       -28.979138878909865     
   5.3386613792888475       -28.694246404108558     
   7.2413045377542504       -28.285597342674947     
   9.1127521135190559       -27.755093760893701     
   10.945002328980840       -27.105205124319188     
   12.730264681808885       -26.338951445805080     
   14.461000779166705       -25.459882799868961     
   16.129962852963370       -24.472055470909389     
   17.730229645022082       -23.380005041090524     
   19.255239396769266       -22.188716754961373     
   20.698819726862123       -20.903593521606826     
   22.055214230757752       -19.530421931113001     
   23.319105687273396       -18.075336670393956     
   24.485635807451512       -16.544783724225002     
   25.550421509389171       -14.945482741118278     
   26.509567748122301       -13.284388931089927     
   27.359676971338789       -11.568654844170943     
   28.097855308975525       -9.8055923555668425     
   28.721715637162060       -8.0026351565927865     
   29.229377684217088       -6.1673020208374512     
   29.619465368363979       -4.3071610833630398     
   29.891101573543999       -2.4297953380088133     
   30.043900581342026      -0.54276952484242014     
   30.077958383884091        1.3464014527769541     
   29.993841104992793        3.2302824735683684     
