   19.190000000000001        1.2057697865077091     
   19.114687359737648        2.4068074361644296     
   18.964798030243191        3.5984548338735078     
   18.741347831074627        4.7761445049228763     
   18.445622056212802        5.9354150848375538     
   18.079164452816745        7.0719256428467183     
   17.643765692154584        8.1814688739536852     
   17.141451442858749        9.2599831854414543     
   16.574470146864499        10.303563712758400     
   15.945280588227543        11.308472307161679     
   15.256539334700063        12.271146543330381     
   14.511088121665820        13.188207799497055     
   13.711941237955328        14.056468465599472     
   12.862272963314215        14.872938336647374     
   11.965405097988175        15.634830249058092     
   11.024794616098495        16.339565017266718     
   10.044021466273550        16.984775726583862     
   9.0267765354158183        17.568311436173950     
   7.9768497845469986        18.088240343268918     
   6.8981185593988155        18.542852456416483     
   5.7945360728068351        18.930661821779974     
   4.6701200510142371        19.250408342339394     
   3.5289415316913688        19.501059225362670     
   2.3751137978111911        19.681810088784832     
   1.2127814284746226        19.792085752205509     
   4.6109445337471140E-002   19.831540733138809     
  -1.1207274685627899        19.800059463964985     
  -2.2835557020594717        19.697756239775913     
  -3.4382134263786268        19.524974902007816     
  -4.5805613082725500        19.282288257443952     
  -5.7064932507021240        18.970497226874674     
  -6.8119471850433797        18.590629712450173     
  -7.8929159372701463        18.143939167581188     
  -8.9454581884720579        17.631902848166867     
  -9.9657095473952086        17.056219718992320     
  -10.949893749429309        16.418807984381967     
  -11.894333992597398        15.721802207665567     
  -12.795464416619531        14.967549979766085     
  -13.649841726010013        14.158608093314621     
  -14.454156952421926        13.297738175208552     
  -15.205247345072085        12.387901727535072     
  -15.900108371071378        11.432254524372748     
  -16.535905799867191        10.434140310256982     
  -17.109987837807346        9.3970837451576070     
  -17.619897270105131        8.3247825407818787     
  -18.063383558288059        7.2210987340019139     
  -18.438414831635367        6.0900490453332941     
  -18.743189701261716        4.9357942737811245     
  -18.976148815523256        3.7626276841368060     
  -19.135986065471453        2.5749623490591667     
  -19.221659339352446        1.3773174160984498     
  -19.232400715866380       0.17430327929102563     
  -19.167725977310752       -1.0293943538911996     
  -19.027443316107568       -2.2290314966023606     
  -18.811661101850270       -3.4198239995507764     
  -18.520794571211567       -4.5969667165626529     
  -18.155571300143734       -5.7556536670257161     
  -17.717035317091970       -6.8910991246933104     
  -17.206549717729061       -7.9985595425893017     
  -16.625797646278897       -9.0733562033661954     
  -15.976781516059958       -10.110898463826528     
  -15.261820352624714       -11.106707441874912     
  -14.483545156903643       -12.056439974432758     
  -13.644892203105478       -12.955912656369684     
  -12.749094206703642       -13.801125753863049     
  -11.799669321471040       -14.588286771377849     
  -10.800407950916343       -15.313833440240238     
  -9.7553573882144295       -15.974455889101646     
  -8.6688043292889567       -16.567117752940121     
  -7.5452553354699550       -17.089075978020666     
  -6.3894153543985253       -17.537899085729116     
  -5.2061644398000659       -17.911483668568192     
  -4.0005328415694343       -18.208068906879372     
  -2.7776746664645158       -18.426248914892877     
  -1.5428403357658729       -18.564982749213790     
 -0.30134808875854890       -18.623601941370506     
  0.94144520085808858       -18.601815447981188     
   2.1801736150955660       -18.499711946705201     
   3.4094918996160044       -18.317759442606235     
   4.6241049980961657       -18.056802186956194     
   5.8187971245625230       -17.718054947909742     
   6.9884600937004651       -17.303094708933674     
   8.1281206428547836       -16.813849905473685     
   9.2329664979851849       -16.252587342245608     
   10.298370958651160       -15.621896962012787     
   11.319915803488936       -14.924674661147799     
   12.293412346835597       -14.164103367213924     
   13.214920508324010       -13.343632608936128     
   14.080765789568339       -12.466956819121108     
   14.887554084647823       -11.537992616347044     
   15.632184283182450       -10.560855311738857     
   16.311858655653243       -9.5398348831674600     
   16.924091039616162       -8.4793716511645485     
   17.466712872061027       -7.3840318792173392     
   17.937877136957546       -6.2584835064502062     
   18.336060317709247       -5.1074722035985456     
   18.660062461617716       -3.9357979242325136     
   18.909005477468181       -2.7482921029832190     
   19.082329798006242       -1.5497956316221240     
   19.179789546494344      -0.34513772276348659     
   19.201446350897033       0.86088424983719480     
   19.147661950785210        2.0635238655274417     
