  0.98299999999999998        1.6924035895811998E-002
  0.98269346935195678        3.3842794339242865E-002
  0.98208062551590325        5.0751003720785628E-002
  0.98116176693336055        6.7643399171033763E-002
  0.97993727285250798        8.4514723453703047E-002
  0.97840760315639419       0.10135972785504611     
  0.97657329819422600       0.11817317307025581     
  0.97443497861574913       0.13494983008745171     
  0.97199334520871394       0.15168448106984242     
  0.96924917873939886       0.16837192023665373     
  0.96620333979614192       0.18500695474341036     
  0.96285676863581104       0.20158440556215590     
  0.95921048503312167       0.21809910836219246     
  0.95526558813269091       0.23454591439191769     
  0.95102325630369511       0.25091969136233305     
  0.94648474699697827       0.26721532433279299     
  0.94165139660443731       0.28342771659955951     
  0.93652462032048933       0.29955179058772252     
  0.93110591200540660       0.31558248874704037     
  0.92539684405028233       0.33151477445224903     
  0.91939906724337161       0.34734363290838322     
  0.91311431063753024       0.36306407206164515     
  0.90654438141845284       0.37867112351635085     
  0.89969116477339250       0.39415984345847560     
  0.89255662376002198       0.40952531358631311     
  0.88514279917507666       0.42476264204875480     
  0.87745180942239731       0.43986696439168643     
  0.86948585037997195       0.45483344451299090     
  0.86124719526555227       0.46965727562663628     
  0.85273819450040200       0.48433368123631765     
  0.84396127557071121       0.49885791611911134     
  0.83491894288619040       0.51322526731958873     
  0.82561377763533739       0.52743105515482513     
  0.81604843763684787       0.54147063423072661     
  0.80622565718661976       0.55533939447008540     
  0.79614824689978003       0.56903276215276055     
  0.78581909354714163       0.58254620096836596     
  0.77524115988547604       0.59587521308183389     
  0.76441748448096614       0.60901534021220560     
  0.75335118152518277       0.62196216472498478     
  0.74204544064290623       0.63471131073837217     
  0.73050352669109375       0.64725844524368215     
  0.71872877954827152       0.65959927924022288     
  0.70672461389360930       0.67172956888490232     
  0.69449451897491432       0.68364511665680172     
  0.68204205836475995       0.69534177253693707     
  0.66937086970394410       0.70681543520340595     
  0.65648466443145115       0.71806205324209516     
  0.64338722750007082       0.72907762637309903     
  0.63008241707680701       0.73985820669297331     
  0.61657416422719014       0.75039989993292366     
  0.60286647258258563       0.76069886673299958     
  0.58896341798957330       0.77075132393233614     
  0.57486914814045154       0.78055354587545678     
  0.56058788218390376       0.79010186573461894     
  0.54612391031484453       0.79939267684815207     
  0.53148159334244682       0.80842243407470504     
  0.51666536223533355       0.81718765516328462     
  0.50167971764290131       0.82568492213893152     
  0.48652922939172843       0.83391088270384317     
  0.47121853595600394       0.84186225165371409     
  0.45575234390090102       0.84953581230902508     
  0.44013542729780508       0.85692841796097141     
  0.42437262711029450       0.86403699333167816     
  0.40846885054976112       0.87085853604830710     
  0.39242907039954783       0.87739011813061463     
  0.37625832430647194       0.88362888749147339     
  0.35996171403859567       0.88957206944982381     
  0.34354440470809927       0.89521696825547170     
  0.32701162395810779       0.90056096862509827     
  0.31036866111231975       0.90560153728879744     
  0.29362086628628475       0.91033622454640228     
  0.27677364945917787       0.91476266583280841     
  0.25983247950492072       0.91887858329144678     
  0.24280288318150414       0.92268178735500217     
  0.22569044407737357       0.92617017833241511     
  0.20850080151374703       0.92934174800114766     
  0.19123964940174679       0.93219458120363208     
  0.17391273505323890       0.93472685744676198     
  0.15652585794429114       0.93693685250322289     
  0.13908486843017795       0.93882294001339761     
  0.12159566641088269       0.94038359308651742     
  0.10406419994607123       0.94161738589966681     
   8.6496463818538066E-002  0.94252299529318517     
   6.8898498045156298E-002  0.94309920236094313     
   5.1276386334395810E-002  0.94334489403390676     
   3.3636254489510527E-002  0.94325906465533660     
   1.5984268756535414E-002  0.94284081754590321     
  -1.6733658837229709E-003  0.94208936655693531     
  -1.9330407480471785E-002  0.94100403760995111     
  -3.6980578935212172E-002  0.93958427022055879     
  -5.4617569882179556E-002  0.93782961900474682     
  -7.2235038627551221E-002  0.93573975516552177     
  -8.9826614147966846E-002  0.93331446795778794     
 -0.10738589814884214       0.93055366612930168     
 -0.12490646718288625       0.92745737933547212     
 -0.14238187482916026       0.92402575952572197     
 -0.15980565393293644       0.92025908229906395     
 -0.17717131890653678       0.91615774822649321     
 -0.19447236809124341       0.91172228413774314     
 -0.21170228618028408       0.90695334436990149     
 -0.22885454670280250       0.90185171197533498     
 -0.24592261456862513       0.89641829988632593     
 -0.26289994867353506       0.89065415203378273     
 -0.27978000456465757       0.88456044441734705     
 -0.29655623716545321       0.87813848612418666     
 -0.31322210355970048       0.87138972029373085     
 -0.32977106583373417       0.86431572502558085     
 -0.34619659397608449       0.85691821422780401     
 -0.36249216883353941       0.84919903840280486     
 -0.37865128512252505       0.84116018536795367     
 -0.39466745449456964       0.83280378090814688     
 -0.41053420865448365       0.82413208935747284     
 -0.42624510252975395       0.81514751410716202     
 -0.44179371748951196       0.80585259803701126     
 -0.45717366461129616       0.79625002386749044     
 -0.47237858799368809       0.78634261442976372     
 -0.48740216811275805       0.77613333285088970     
 -0.50223812522011257       0.76562528265150254     
 -0.51688022278019119       0.75482170775332291     
 -0.53132227094431428       0.74372599239390080     
 -0.54555813005883902       0.73234166094605313     
 -0.55958171420463476       0.72067237763952907     
 -0.57338699476494626       0.70872194618251239     
 -0.58696800401856886       0.69649430928065537     
 -0.60031883875511904       0.68399354805143331     
 -0.61343366390904519       0.67122388133170907     
 -0.62630671620888623       0.65818966487650810     
 -0.63893230783815280       0.64489539044712252     
 -0.65130483010407658       0.63134568478678954     
 -0.66341875711034659       0.61754530848232414     
 -0.67526864942983200       0.60349915471022941     
 -0.68684915777317512       0.58921224786595872     
 -0.69815502664902773       0.57468974207516321     
 -0.70918109801160145       0.55993691958592418     
 -0.71992231489110570       0.54495918904114427     
 -0.73037372500255815       0.52976208363045263     
 -0.74053048432837032       0.51435125912116719     
 -0.75038786067003838       0.49873249176805190     
 -0.75994123716420570       0.48291167610180724     
 -0.76918611575830764       0.46689482259643911     
 -0.77811812064096464       0.45068805521586253     
 -0.78673300162225535       0.43429760884031338     
 -0.79502663745897628       0.41772982657336200     
 -0.80299503911998216       0.40099115693054682     
 -0.81063435298669895       0.38408815091087389     
 -0.81794086398391097       0.36702745895265793     
 -0.82491099863594608       0.34981582777541242     
 -0.83154132804341641       0.33246009710972946     
 -0.83782857077571815       0.31496719631732290     
 -0.84376959567455345       0.29734414090364220     
 -0.84936142456380836       0.27959802892569569     
 -0.85460123486120543       0.26173603729795319     
 -0.85948636208724583       0.24376541799942500     
 -0.86401430226706655       0.22569349418523901     
 -0.86818271422095905       0.20752765620625849     
 -0.87198942173943172       0.18927535754049793     
 -0.87543241563884411       0.17094411064030504     
 -0.87850985569380069       0.15254148269947976     
 -0.88122007244266232       0.13407509134469789     
 -0.88356156886271464       0.11555260025579543     
 -0.88553302191172700        9.6981714719649045E-002
 -0.88713328393283708        7.8370177122558851E-002
 -0.88836138391991148        5.9725762386200053E-002
 -0.88921652864075318        4.1056273352359514E-002
 -0.88969810361576029        2.2369536121811924E-002
 -0.88980567394987875        3.6733953528167592E-003
 -0.88953898501593920       -1.5024290475168567E-002
 -0.88889796298772261       -3.3715653826862667E-002
 -0.88788271522135820       -5.2392822899836530E-002
 -0.88649353048392254       -7.1047926430633276E-002
 -0.88473087902837888       -8.9673098512412064E-002
 -0.88259541251426776      -0.10826048341815089     
 -0.88008796377383580      -0.12680224042341182     
 -0.87720954642356752      -0.14529054862265534     
 -0.87396135432136246      -0.16371761173308882     
 -0.87034476086987900      -0.18207566288004717     
 -0.86636131816684303      -0.20035696935793126     
 -0.86201275600339611      -0.21855383736077316     
 -0.85730098071182892      -0.23665861667655372     
 -0.85222807386431776      -0.25466370533947047     
 -0.84679629082454377      -0.27256155423443945     
 -0.84100805915433685      -0.29034467164821487     
 -0.83486597687773800      -0.30800562776162332     
 -0.82837281060512113      -0.32553705907753677     
 -0.82153149352025423      -0.34293167277934655     
 -0.81434512323341035      -0.36018225101485324     
 -0.80681695950386023      -0.37728165510064898     
 -0.79895042183529075      -0.39422282964224348     
 -0.79074908694789414      -0.41099880656536847     
 -0.78221668613106388      -0.42760270905408987     
 -0.77335710248081235      -0.44402775539155875     
 -0.76417436802619354      -0.46026726269944362     
 -0.75467266074916739      -0.47631465057230460     
 -0.74485630150248749      -0.49216344460339484     
 -0.73472975083032177      -0.50780727979860552     
 -0.72429760569643364      -0.52323990387550567     
 -0.71356459612485379      -0.53845518044466967     
 -0.70253558175806385      -0.55344709207072562     
 -0.69121554833778898      -0.56820974321080675     
 -0.67960960411355997      -0.58273736302833357     
 -0.66772297618425569      -0.59702430808030305     
 -0.65556100677787243      -0.61106506487651069     
 -0.64312914947479072      -0.62485425230937863     
 -0.63043296537981985      -0.63838662395330892     
 -0.61747811924829921      -0.65165707023272657     
 -0.60427037557151875      -0.66466062045821817     
 -0.59081559462669619      -0.67739244473040972     
 -0.57711972849670767      -0.68984785571146090     
 -0.56318881706472035      -0.70202231026428308     
 -0.54902898398881284      -0.71391141095981114     
 -0.53464643266159928      -0.72551090745287750     
 -0.52004744215978982      -0.73681669772744784     
 -0.50523836318853110      -0.74782482921218285     
 -0.49022561402526854      -0.75853149976748713     
 -0.47501567646776549      -0.76893305854539606     
 -0.45961509179079735      -0.77902600672383326     
 -0.44403045671591551      -0.78880699811694388     
 -0.42826841939854626      -0.79827283966337348     
 -0.41233567543655320      -0.80742049179451858     
 -0.39623896390425056      -0.81624706868492070     
 -0.37998506341570804      -0.82474983838711435     
 -0.36358078822103690      -0.83292622285336682     
 -0.34703298433919300      -0.84077379784686679     
 -0.33034852573067397      -0.84829029274502898     
 -0.31353431051332814      -0.85547359023768188     
 -0.29659725722433000      -0.86232172592299638     
 -0.27954430113121348      -0.86883288780409573     
 -0.26238239059468904      -0.87500541568935930     
 -0.24511848348580559      -0.88083780049949645     
 -0.22775954365985251      -0.88632868348452165     
 -0.21031253748923265      -0.89147685535380816     
 -0.19278443045737242      -0.89628125532243597     
 -0.17518218381557307      -0.90074097007707787     
 -0.15751275130454565      -0.90485523266469070     
 -0.13978307594221351      -0.90862342130729123     
 -0.12200008687920970      -0.91204505814610348     
 -0.10417069632334246      -0.91511980791836312     
  -8.6301796534151667E-002 -0.91784747657005672     
  -6.8400256888531449E-002 -0.92022800980786001     
  -5.0472921018250350E-002 -0.92226149159351856     
  -3.2526604020060398E-002 -0.92394814258388758     
  -1.4568089738950331E-002 -0.92528831851981619     
   3.3958718750336202E-003 -0.92628250856702410     
   2.1358567336103536E-002 -0.92693133361207625     
   3.9313322118009440E-002 -0.92723554451651435     
   5.7253503075228467E-002 -0.92719602033215320     
   7.5172520790123015E-002 -0.92681376648049463     
   9.3063831846236497E-002 -0.92608991289915343     
  0.11092094102799946      -0.92502571215812723     
  0.12873740344721812      -0.92362253754867751     
  0.14650682659681227      -0.92188188114752112     
  0.16422287233235849      -0.91980535185896184     
  0.18187925878208014      -0.91739467343751890     
  0.19946976218600501      -0.91465168249353479     
  0.21698821866508700      -0.91157832648417014     
  0.23442852592115834      -0.90817666169211519     
  0.25178464486864499      -0.90444885119426977     
  0.26905060119903845      -0.90039716282256455     
  0.28622048687917467      -0.89602396711901677     
  0.30328846158442196      -0.89133173528703313     
  0.32024875406792852      -0.88632303714089322     
  0.33709566346712333      -0.88100053905526543     
  0.35382356054870412      -0.87536700191652805     
  0.37042688889338121      -0.86942527907758804     
  0.38690016602167826      -0.86317831431781078     
  0.40323798446211845      -0.85662913980959565     
  0.41943501276314937      -0.84978087409305425     
  0.43548599645018049      -0.84263672006017087     
  0.45138575892912475      -0.83519996294974985     
  0.46712920233785038      -0.82747396835437881     
  0.48271130834695991      -0.81946218024056328     
  0.49812713891132193      -0.81116811898311680     
  0.51337183697378663      -0.80259537941481929     
  0.52844062712251949      -0.79374762889228667     
  0.54332881620338702      -0.78462860537892798     
  0.55803179388882673      -0.77524211554579947     
  0.57254503320463013      -0.76559203289110067     
  0.58686409101605941      -0.75568229587899438     
  0.60098460847471202      -0.74551690609837207     
  0.61490231142753504      -0.73509992644212607     
  0.62861301078938092      -0.72443547930743257     
  0.64211260288048111      -0.71352774481749348     
  0.65539706973019973      -0.70238095906513132     
  0.66846247934841208      -0.69099941237857876     
  0.68130498596583566      -0.67938744760975389     
  0.69392083024462081      -0.66754945844526359     
  0.70630633946048926      -0.65548988774033046     
  0.71845792765768635      -0.64321322587579355     
  0.73037209577799089      -0.63072400913828919     
  0.74204543176500348      -0.61802681812367699     
  0.75347461064491039      -0.60512627616373538     
  0.76465639458489476      -0.59202704777611315     
  0.77558763293034283      -0.57873383713748627     
  0.78626526222196624      -0.56525138657983420     
  0.79668630619393621      -0.55158447510971564     
  0.80684787575409722      -0.53773791695039286     
  0.81674716894730326      -0.52371656010662182     
  0.82638147090289038      -0.50952528495189653     
  0.83574815376727296      -0.49516900283790877     
  0.84484467662262352      -0.48065265472595736     
  0.85366858539256762      -0.46598120984001651     
  0.86221751273579783      -0.45115966434114901     
  0.87048917792848346      -0.43619304002292736     
  0.87848138673632403      -0.42108638302750517     
  0.88619203127706669      -0.40584476258196084     
  0.89361908987428107      -0.39047326975451641     
  0.90076062690315584      -0.37497701623021767     
  0.90761479262905465      -0.35936113310564366     
  0.91417982303954148      -0.34363076970219897     
  0.92045403967055806      -0.32779109239752741     
  0.92643584942740875      -0.31184728347457136     
  0.93212374440118151      -0.29580453998778927     
  0.93751630168120681      -0.27966807264603111     
  0.94261218316413009      -0.26344310471156063     
  0.94741013536014662      -0.24713487091470360     
  0.95190898919692146      -0.23074861638359098     
  0.95610765982169255      -0.21428959558845781     
  0.96000514640202761      -0.19776307129995033     
  0.96360053192568207      -0.18117431356088684     
  0.96689298299997872      -0.16452859867091077     
  0.96988174965110585      -0.14783120818346865     
  0.97256616512370575      -0.13108742791454037     
  0.97494564568110109      -0.11430254696254399     
  0.97701969040648307       -9.7481856738833444E-002
  0.97878788100536074       -8.0630650008203297E-002
  0.98024988160954807       -6.3754219938812015E-002
  0.98140543858294149       -4.6857859160931992E-002
  0.98225438032931744       -2.9946858833932569E-002
  0.98279661710235744       -1.3026507720900429E-002
  0.98303214081808421        3.8979087296996916E-003
  0.98296102486987114        2.0821109295921965E-002
  0.98258342394616427        3.7737817888392623E-002
  0.98189957385103399        5.4642764451118028E-002
  0.98090979132765255        7.1530685857646131E-002
  0.97961447388477008        8.8396326803179159E-002
  0.97801409962624219       0.10523444069323455     
  0.97610922708363912       0.12203979052944967     
  0.97390049505194565       0.13880714979312431     
  0.97138862242834012       0.15553130332709278     
  0.96857440805401940       0.17220704821651547     
  0.96545873055901532       0.18882919466917653     
  0.96204254820992807       0.20539256689587160     
  0.95832689876048005       0.22189200399146627     
  0.95431289930477381       0.23832236081720196     
  0.95000174613311639       0.25467850888482202     
  0.94539471459025204       0.27095533724308685     
  0.94049315893582386       0.28714775336724102     
  0.93529851220686555       0.30325068405199174     
  0.92981228608210198       0.31925907630855144     
  0.92403607074781868       0.33516789826629217     
  0.91797153476503779       0.35097214007955274     
  0.91162042493771867       0.36666681484013325     
  0.90498456618167977       0.38224695949600496     
  0.89806586139391820       0.39770763577675544     
  0.89086629132198214       0.41304393112628174     
  0.88338791443303066       0.42825095964323551     
  0.87563286678219521       0.44332386302971577     
  0.86760336187983444       0.45825781154869560     
  0.85930169055725503       0.47304800499065935     
  0.85073022083044858       0.48768967364991672     
  0.84189139776137489       0.50217807931104963     
  0.83278774331629901       0.51650851624593619     
  0.82342185622067021       0.53067631222178435     
  0.81379641181000817       0.54467682952059537     
  0.80391416187624165       0.55850546597046424     
  0.79377793450892220       0.57215765598911039     
