   9.2400000000000002       0.58064904719061072     
   9.2037369563941258        1.1590192954939940     
   9.1315653816106259        1.7328676109450045     
   9.0239746378404515        2.2999945453207400     
   8.8815839225219886        2.8582518022039491     
   8.7051369494704556        3.4055491491329177     
   8.4954963834486570        3.9398607828039887     
   8.2536380815754775        4.4592311595711207     
   7.9806451902600122        4.9617803079285148     
   7.6777021414537403        5.4457086432921660     
   7.3460885870380190        5.9093013082523056     
   6.9871733052023668        6.3509320635991013     
   6.6024081077992740        6.7690667568836682     
   6.1933217729485728        7.1622663961245854     
   5.7615140226607799        7.5291898565678368     
   5.3086495609946409        7.8685962482165044     
   4.8364521842891595        8.1793469712251863     
   4.3466989713353792        8.4604074852597542     
   3.8412145579911163        8.7108488176087615     
   3.3218654976992776        8.9298488332475099     
   2.7905547066489227        9.1166932882437397     
   2.2492159899155233        9.2707766858947078     
   1.6998086428278929        9.3916029528341358     
   1.1443121200272064        9.4787859500747320     
  0.58472076320071786        9.5320498315842652     
   2.3038577281348973E-002   9.5512292605534661     
 -0.53872595600310991        9.5362694910221979     
  -1.0985650389773225        9.4872263200036340     
  -1.6544767053658236        9.4042659126999357     
  -2.2044699663326104        9.2876645008511414     
  -2.7465699672263515        9.1378079517149136     
  -3.2788231665988490        8.9551912026517044     
  -3.7993025483496630        8.7404175538015831     
  -4.3061128768628043        8.4941978089004113     
  -4.7973960037374974        8.2173492519111218     
  -5.2713362331686229        7.9107944448597474     
  -5.7261657511975219        7.5755598300877462     
  -6.1601701219245681        7.2127741180876246     
  -6.5716938513462315        6.8236664402073108     
  -6.9591460167480665        6.4095642438237110     
  -7.3210059565505237        5.9718909061352914     
  -7.6558290121698613        5.5121630415496581     
  -7.9622523098297906        5.0319874767915209     
  -8.2390005663550046        4.5330578673796103     
  -8.4848918988170965        4.0171509290719261     
  -8.6988436135170044        3.4861222583134790     
  -8.8798779452165419        2.9419017166970822     
  -9.0271277128265641        2.3864883560232628     
  -9.1398418529850485        1.8219448627753863     
  -9.2173907881920769        1.2503915037617443     
  -9.2592715815013005       0.67399955836190761     
  -9.2651128253035235        9.4984227284539868E-002
  -9.2346792075952440      -0.48440298698037187     
  -9.1678756954330822       -1.0618824267451004     
  -9.0647512721738526       -1.6351549445904403     
  -8.9255021627367999       -2.2019110719191675     
  -8.7504744796503022       -2.7598406664635440     
  -8.5401662222105124       -3.3066430056730423     
  -8.2952285618283010       -3.8400372834876242     
  -8.0164663487058618       -4.3577734582551768     
  -7.7048377784788489       -4.8576433896643989     
  -7.3614531624717330       -5.3374921927512995     
  -6.9875727517978410       -5.7952297275392368     
  -6.5846035737063282       -6.2288421339508444     
  -6.1540952483052189       -6.6364033135611793     
  -5.6977347649909857       -7.0160862528266623     
  -5.2173402104552382       -7.3661740769013120     
  -4.7148534538269411       -7.6850707193026464     
  -4.1923318090990787       -7.9713110907495794     
  -3.6519387101865162       -8.2235706306599621     
  -3.0959334494280419       -8.4406741272120502     
  -2.5266600457071555       -8.6216036966276643     
  -1.9465353232276998       -8.7655058194419357     
  -1.3580362959382715       -8.8716973409279571     
 -0.76368696525688373       -8.9396703544099569     
 -0.16604464973123442       -8.9690958997158248     
  0.43231402575413275       -8.9598264242075558     
   1.0288073469248393       -8.9118969703424664     
   1.6208627947332042       -8.8255250711635540     
   2.2059312576127650       -8.7011093530621686     
   2.7815010324848615       -8.5392268631480448     
   3.3451114794371444       -8.3406291561459600     
   3.8943662013430100       -8.1062371924753620     
   4.4269456283874531       -7.8371351146520318     
   4.9406188982425014       -7.5345629830195895     
   5.4332549351699910       -7.1999085637738425     
   5.9028326452529729       -6.8346982720547800     
   6.3474501598735458       -6.4405873803950655     
   6.7653330750567973       -6.0193496079534530     
   7.1548416499843936       -5.5728662087261434     
   7.5144769434626459       -5.1031146773895539     
   7.8428858820556693       -4.6121571897189284     
   8.1388652676535660       -4.1021288908373350     
   8.4013647451769771       -3.5752261391102378     
   8.6294887627157610       -3.0336948065741085     
   8.8224975665102328       -2.4798187286542062     
   8.9798072817132599       -1.9159083868744879     
   9.1009891367785656       -1.3442898985760079     
   9.1857678946110095      -0.76729437761090735     
   9.2340195573371577      -0.18724771981902485     
   9.2457684137932059       0.39353914295061737     
   9.2211834996948401       0.97277948624408317     
