 Digite um valor para iniciar a busca:
Valor inicial encontrado = -2.00000000000
           0 -0.50000000000000000      -0.44444444444444442      -0.44960811064955775     
           1  -1.2500000000000000      -0.97143241244874645      -0.97161655862667629     
           2 -0.87500000000000000      -0.99986781339573749      -0.99984688053383497     
           3  -1.0625000000000000      -0.99999999708816856      -0.99999986884124925     
           4 -0.96875000000000000      -0.99999999999999989      -0.99999999989097121     
           5  -1.0156250000000000      -0.99999999999999989      -0.99999999989097121     
           6 -0.99218750000000000      -0.99999999999999989      -0.99999999989097121     
           7  -1.0039062500000000      -0.99999999999999989      -0.99999999989097121     
           8 -0.99804687500000000      -0.99999999999999989      -0.99999999989097121     
           9  -1.0009765625000000      -0.99999999999999989      -0.99999999989097121     
          10 -0.99951171875000000      -0.99999999999999989      -0.99999999989097121     
          11  -1.0002441406250000      -0.99999999999999989      -0.99999999989097121     
          12 -0.99987792968750000      -0.99999999999999989      -0.99999999989097121     
          13  -1.0000610351562500      -0.99999999999999989      -0.99999999989097121     
          14 -0.99996948242187500      -0.99999999999999989      -0.99999999989097121     
          15  -1.0000152587890625      -0.99999999999999989      -0.99999999989097121     
          16 -0.99999237060546875      -0.99999999999999989      -0.99999999989097121     
          17  -1.0000038146972656      -0.99999999999999989      -0.99999999989097121     
          18 -0.99999809265136719      -0.99999999999999989      -0.99999999989097121     
          19  -1.0000009536743164      -0.99999999999999989      -0.99999999989097121     
          20 -0.99999952316284180      -0.99999999999999989      -0.99999999989097121     
          21  -1.0000002384185791      -0.99999999999999989      -0.99999999989097121     
          22 -0.99999988079071045      -0.99999999999999989      -0.99999999989097121     
          23 -0.99999988079071045      -0.99999999999999989      -0.99999999989097121     
