 Digite um valor para iniciar a busca:
Valor inicial encontrado = -7.00000000000
           0  -5.5000000000000000       -5.2857142857142856       -5.2842848635520880     
           1  -4.7500000000000000       -4.3834586466165408       -4.3816682209649915     
           2  -4.3750000000000000       -4.0512293340610421       -4.0502080460435446     
           3  -4.1875000000000000       -4.0011248294319257       -4.0009752215234897     
           4  -4.0937500000000000       -4.0000005618729979       -3.9999982536103080     
           5  -4.0468750000000000       -4.0000000000001403       -4.0000000038892480     
           6  -4.0234375000000000       -4.0000000000000000       -3.9999999999913420     
           7  -4.0117187500000000       -4.0000000000000000       -3.9999999999913420     
           8  -4.0058593750000000       -4.0000000000000000       -3.9999999999913420     
           9  -4.0029296875000000       -4.0000000000000000       -3.9999999999913420     
          10  -4.0014648437500000       -4.0000000000000000       -3.9999999999913420     
          11  -4.0007324218750000       -4.0000000000000000       -3.9999999999913420     
          12  -4.0003662109375000       -4.0000000000000000       -3.9999999999913420     
          13  -4.0001831054687500       -4.0000000000000000       -3.9999999999913420     
          14  -4.0000915527343750       -4.0000000000000000       -3.9999999999913420     
          15  -4.0000457763671875       -4.0000000000000000       -3.9999999999913420     
          16  -4.0000228881835938       -4.0000000000000000       -3.9999999999913420     
          17  -4.0000114440917969       -4.0000000000000000       -3.9999999999913420     
          18  -4.0000057220458984       -4.0000000000000000       -3.9999999999913420     
          19  -4.0000028610229492       -4.0000000000000000       -3.9999999999913420     
          20  -4.0000014305114746       -4.0000000000000000       -3.9999999999913420     
          21  -4.0000007152557373       -4.0000000000000000       -3.9999999999913420     
          22  -4.0000003576278687       -4.0000000000000000       -3.9999999999913420     
          23  -4.0000003576278687       -4.0000000000000000       -3.9999999999913420     
