 Digite um valor para iniciar a busca:
Valor inicial encontrado = 3.00000000000
           0   4.5000000000000000        12.333333333333334        12.263816114793780     
           1   5.2500000000000000        8.6647949634167105        8.6230221715744602     
           2   4.8750000000000000        6.4684115191192788        6.4464803067014707     
           3   5.0625000000000000        5.3700303573790293        5.3621292265437184     
           4   4.9687500000000000        5.0328974616474005        5.0320056486584601     
           5   5.0156250000000000        5.0002965048237744        5.0003242730590962     
           6   4.9921875000000000        5.0000000244178073        5.0000004790171433     
           7   5.0039062500000000        5.0000000000000000        5.0000000006646639     
           8   4.9980468750000000        5.0000000000000000        5.0000000000009219     
           9   5.0009765625000000        5.0000000000000000        5.0000000000009219     
          10   4.9995117187500000        5.0000000000000000        5.0000000000009219     
          11   5.0002441406250000        5.0000000000000000        5.0000000000009219     
          12   4.9998779296875000        5.0000000000000000        5.0000000000009219     
          13   5.0000610351562500        5.0000000000000000        5.0000000000009219     
          14   4.9999694824218750        5.0000000000000000        5.0000000000009219     
          15   5.0000152587890625        5.0000000000000000        5.0000000000009219     
          16   4.9999923706054688        5.0000000000000000        5.0000000000009219     
          17   5.0000038146972656        5.0000000000000000        5.0000000000009219     
          18   4.9999980926513672        5.0000000000000000        5.0000000000009219     
          19   5.0000009536743164        5.0000000000000000        5.0000000000009219     
          20   4.9999995231628418        5.0000000000000000        5.0000000000009219     
          21   5.0000002384185791        5.0000000000000000        5.0000000000009219     
          22   4.9999998807907104        5.0000000000000000        5.0000000000009219     
          23   5.0000000596046448        5.0000000000000000        5.0000000000009219     
          24   5.0000000596046448        5.0000000000000000        5.0000000000009219     
