#d, Area
2, 12.566371
3, 33.510323
4, 78.956841
5, 168.441254
6, 330.733643
7, 604.770081
8, 1039.030396
9, 1688.836670
10, 2611.368164
11, 3858.645020
12, 5469.237305
13, 7459.872070
14, 9818.351562
15, 12499.135742
16, 15422.631836
17, 18478.681641
18, 21534.056641
19, 24443.150391
20, 27060.494141
21, 29253.498047
22, 30913.835938
23, 31966.111328
24, 32372.896484
25, 32135.843750
26, 31293.062500
27, 29913.404297
28, 28088.589844
29, 25924.335938
30, 23531.443359
31, 21017.730469
32, 18481.552734
33, 16007.067383
34, 13661.532227
35, 11494.330078
36, 9537.547852
37, 7807.676270
38, 6308.019531
39, 5031.494141
40, 3963.445312
41, 3084.274170
42, 2371.720215
43, 1802.704224
44, 1354.723511
45, 1006.819763
46, 740.172119
47, 538.385986
48, 387.553284
49, 276.145294
50, 194.805496
